0,0
1,1
2,2
3,3
28,4
5,5
6,6
7,7
8,8
9,9
10,10
11,11
12,12
13,13
14,14
15,15
16,16
17,17
18,18
19,19
20,20
21,21
22,22
23,23
24,24
25,25
26,26
27,27
28,28
29,29
31,30
31,31
32,32
33,33
34,34
35,35
36,36
37,37
38,38
39,39
40,40
41,41
42,42
43,43
44,44
45,45
46,46
40,47
48,48
49,49
50,50
51,51
52,52
53,53
54,54
55,55
56,56
57,57
58,58
59,59
0,0
1,1
2,2
3,3
4,4
5,5
6,6
7,7
8,8
9,9
10,10
29,11
12,12
13,13
14,14
15,15
16,16
17,17
18,18
3,19
20,20
21,21
22,22
23,23
24,24
25,25
26,26
27,27
28,28
35,29
30,30
31,31
32,32
33,33
34,34
35,35
36,36
37,37
44,38
39,39
40,40
41,41
42,42
43,43
44,44
45,45
46,46
47,47
48,48
49,49
50,50
51,51
52,52
53,53
54,54
55,55
56,56
57,57
58,58
59,59
0,0
1,1
2,2
3,3
4,4
5,5
6,6
7,7
8,8
9,9
10,10
11,11
12,12
13,13
14,14
15,15
16,16
17,17
18,18
19,19
20,20
21,21
22,22
23,23
24,24
25,25
26,26
27,27
28,28
29,29
30,30
31,31
32,32
33,33
34,34
35,35
36,36
37,37
38,38
39,39
40,40
41,41
42,42
43,43
24,44
4,45
46,46
40,47
48,48
49,49
50,50
51,51
52,52
53,53
54,54
55,55
56,56
57,57
58,58
59,59
0,0
1,1
2,2
3,3
4,4
5,5
12,6
7,7
8,8
9,9
32,10
29,11
12,12
13,13
14,14
15,15
16,16
17,17
18,18
3,19
20,20
21,21
22,22
23,23
24,24
25,25
26,26
27,27
28,28
35,29
30,30
31,31
32,32
33,33
34,34
35,35
36,36
37,37
44,38
39,39
40,40
41,41
42,42
43,43
44,44
45,45
46,46
47,47
48,48
6,49
23,50
51,51
52,52
53,53
54,54
55,55
56,56
57,57
58,58
59,59
0,0
1,1
2,2
3,3
4,4
5,5
6,6
7,7
8,8
9,9
10,10
11,11
12,12
13,13
14,14
15,15
16,16
17,17
18,18
19,19
20,20
21,21
22,22
23,23
24,24
25,25
26,26
27,27
28,28
29,29
30,30
31,31
32,32
33,33
34,34
35,35
36,36
37,37
38,38
39,39
40,40
41,41
42,42
43,43
44,44
45,45
46,46
40,47
48,48
49,49
50,50
51,51
52,52
53,53
54,54
55,55
56,56
57,57
58,58
59,59
2,0
1,1
2,2
3,3
4,4
5,5
31,6
7,7
8,8
33,9
10,10
29,11
16,12
13,13
14,14
15,15
16,16
17,17
18,18
3,19
20,20
21,21
22,22
23,23
46,24
25,25
26,26
27,27
28,28
1,29
31,30
31,31
17,32
33,33
34,34
35,35
36,36
37,37
38,38
39,39
40,40
41,41
42,42
43,43
2,44
45,45
46,46
47,47
22,48
49,49
50,50
51,51
52,52
53,53
54,54
55,55
56,56
57,57
58,58
59,59
0,0
1,1
2,2
3,3
4,4
5,5
6,6
7,7
8,8
9,9
10,10
11,11
12,12
13,13
14,14
15,15
16,16
17,17
18,18
19,19
20,20
21,21
22,22
23,23
24,24
25,25
26,26
27,27
28,28
29,29
30,30
31,31
32,32
33,33
34,34
35,35
36,36
37,37
38,38
39,39
40,40
41,41
42,42
27,43
44,44
45,45
46,46
47,47
48,48
49,49
50,50
51,51
52,52
53,53
54,54
55,55
56,56
57,57
58,58
59,59
0,0
1,1
2,2
3,3
4,4
5,5
6,6
7,7
8,8
9,9
10,10
11,11
12,12
13,13
14,14
15,15
16,16
17,17
18,18
19,19
20,20
21,21
22,22
23,23
1,24
25,25
26,26
27,27
28,28
35,29
30,30
31,31
32,32
9,33
34,34
35,35
36,36
37,37
38,38
39,39
40,40
41,41
42,42
43,43
44,44
45,45
46,46
47,47
48,48
49,49
50,50
51,51
52,52
53,53
54,54
55,55
56,56
57,57
58,58
59,59
0,0
1,1
2,2
3,3
28,4
5,5
6,6
7,7
8,8
9,9
10,10
11,11
10,12
13,13
14,14
15,15
16,16
17,17
18,18
19,19
20,20
21,21
22,22
23,23
24,24
25,25
26,26
27,27
28,28
29,29
30,30
31,31
32,32
33,33
34,34
35,35
36,36
23,37
38,38
39,39
40,40
41,41
42,42
43,43
44,44
45,45
46,46
47,47
48,48
49,49
50,50
51,51
52,52
53,53
54,54
55,55
56,56
57,57
58,58
59,59
0,0
1,1
2,2
3,3
4,4
5,5
6,6
7,7
8,8
33,9
28,10
11,11
12,12
13,13
14,14
15,15
16,16
17,17
18,18
19,19
20,20
21,21
22,22
23,23
1,24
25,25
26,26
27,27
28,28
35,29
30,30
31,31
32,32
33,33
34,34
35,35
36,36
37,37
38,38
39,39
40,40
41,41
42,42
43,43
44,44
45,45
46,46
47,47
48,48
49,49
50,50
51,51
52,52
53,53
54,54
55,55
56,56
57,57
58,58
59,59
0,0
1,1
2,2
3,3
4,4
5,5
6,6
7,7
8,8
9,9
10,10
11,11
12,12
13,13
14,14
15,15
16,16
17,17
18,18
19,19
20,20
21,21
22,22
23,23
24,24
25,25
26,26
27,27
28,28
29,29
30,30
31,31
32,32
33,33
34,34
35,35
36,36
37,37
38,38
39,39
40,40
41,41
42,42
43,43
44,44
45,45
46,46
47,47
48,48
49,49
50,50
51,51
52,52
53,53
54,54
55,55
56,56
57,57
58,58
59,59
0,0
1,1
0,2
3,3
4,4
5,5
13,6
7,7
8,8
9,9
11,10
11,11
12,12
13,13
14,14
15,15
16,16
17,17
18,18
19,19
20,20
21,21
22,22
23,23
1,24
25,25
26,26
27,27
28,28
3,29
30,30
31,31
0,32
33,33
34,34
35,35
35,36
37,37
38,38
39,39
40,40
41,41
42,42
43,43
44,44
45,45
46,46
47,47
48,48
49,49
49,50
51,51
52,52
53,53
54,54
55,55
56,56
57,57
58,58
59,59
0,0
1,1
2,2
3,3
4,4
5,5
6,6
7,7
8,8
9,9
11,10
11,11
12,12
13,13
14,14
15,15
16,16
17,17
18,18
19,19
20,20
21,21
22,22
23,23
24,24
25,25
26,26
27,27
28,28
29,29
30,30
31,31
32,32
33,33
34,34
35,35
36,36
37,37
38,38
39,39
47,40
41,41
42,42
43,43
44,44
45,45
46,46
6,47
48,48
49,49
50,50
51,51
52,52
53,53
54,54
55,55
56,56
57,57
58,58
59,59
0,0
1,1
2,2
3,3
4,4
5,5
6,6
7,7
8,8
9,9
10,10
11,11
12,12
13,13
14,14
15,15
16,16
17,17
18,18
19,19
20,20
21,21
22,22
23,23
38,24
25,25
26,26
27,27
12,28
29,29
30,30
31,31
32,32
33,33
34,34
35,35
36,36
37,37
38,38
39,39
40,40
41,41
42,42
43,43
44,44
45,45
46,46
47,47
48,48
49,49
50,50
51,51
52,52
53,53
54,54
55,55
56,56
56,57
58,58
59,59
0,0
18,1
36,2
3,3
4,4
5,5
6,6
7,7
8,8
9,9
10,10
1,11
13,13
14,14
15,15
16,16
17,17
18,18
19,19
20,20
21,21
22,22
23,23
24,24
25,25
26,26
27,27
28,28
29,29
30,30
31,31
32,32
33,33
34,34
35,35
36,36
37,37
38,38
39,39
40,40
41,41
42,42
43,43
44,44
45,45
46,46
6,47
48,48
49,49
50,50
51,51
52,52
53,53
54,54
55,55
56,56
57,57
58,58
59,59
0,0
1,1
2,2
3,3
4,4
5,5
6,6
7,7
8,8
33,9
10,10
11,11
12,12
13,13
14,14
15,15
16,16
17,17
18,18
19,19
20,20
21,21
22,22
23,23
38,24
25,25
26,26
27,27
33,28
29,29
30,30
31,31
32,32
33,33
34,34
35,35
36,36
37,37
38,38
39,39
40,40
41,41
42,42
43,43
44,44
45,45
46,46
47,47
48,48
49,49
50,50
51,51
52,52
53,53
54,54
55,55
56,56
57,57
58,58
59,59
0,0
1,1
2,2
3,3
4,4
5,5
6,6
7,7
8,8
28,9
10,10
11,11
12,12
13,13
14,14
15,15
16,16
17,17
18,18
19,19
20,20
21,21
22,22
23,23
24,24
25,25
26,26
27,27
28,28
29,29
30,30
31,31
32,32
33,33
34,34
35,35
36,36
37,37
38,38
39,39
38,40
41,41
42,42
43,43
44,44
45,45
46,46
6,47
48,48
49,49
50,50
51,51
52,52
53,53
54,54
55,55
56,56
57,57
58,58
59,59
0,0
1,1
43,2
46,3
4,4
5,5
6,6
7,7
8,8
9,9
10,10
29,11
12,12
13,13
14,14
15,15
23,16
17,17
18,18
19,19
20,20
21,21
22,22
23,23
38,24
25,25
26,26
27,27
28,28
29,29
30,30
31,31
32,32
33,33
34,34
35,35
36,36
37,37
38,38
39,39
40,40
41,41
42,42
2,43
45,44
45,45
46,46
47,47
48,48
49,49
50,50
51,51
52,52
53,53
54,54
55,55
55,56
56,57
58,58
59,59
0,0
1,1
2,2
3,3
4,4
5,5
6,6
7,7
8,8
9,9
10,10
11,11
12,12
13,13
14,14
25,15
23,16
17,17
18,18
19,19
20,20
21,21
22,22
23,23
24,24
25,25
26,26
27,27
28,28
29,29
30,30
31,31
32,32
33,33
34,34
35,35
36,36
37,37
38,38
39,39
40,40
41,41
42,42
43,43
44,44
24,45
46,46
47,47
48,48
49,49
50,50
51,51
52,52
53,53
54,54
55,55
56,56
57,57
58,58
59,59
0,0
1,1
2,2
3,3
4,4
5,5
6,6
7,7
8,8
9,9
10,10
11,11
12,12
13,13
14,14
15,15
23,16
17,17
18,18
19,19
20,20
21,21
22,22
23,23
24,24
25,25
26,26
27,27
28,28
29,29
30,30
31,31
32,32
12,33
34,34
35,35
36,36
37,37
38,38
39,39
40,40
41,41
42,42
43,43
44,44
45,45
46,46
47,47
48,48
49,49
50,50
51,51
52,52
53,53
49,54
55,55
56,56
57,57
58,58
59,59
0,0
1,1
2,2
3,3
4,4
5,5
6,6
7,7
8,8
9,9
10,10
11,11
12,12
13,13
14,14
25,15
16,16
17,17
18,18
19,19
20,20
21,21
22,22
23,23
24,24
25,25
26,26
27,27
28,28
29,29
30,30
31,31
32,32
33,33
34,34
35,35
36,36
37,37
38,38
39,39
40,40
41,41
42,42
43,43
44,44
45,45
36,46
47,47
48,48
49,49
50,50
51,51
52,52
53,53
54,54
55,55
56,56
57,57
58,58
59,59
0,0
1,1
2,2
3,3
4,4
5,5
6,6
7,7
8,8
9,9
11,10
10,11
12,12
13,13
14,14
15,15
23,16
17,17
18,18
19,19
20,20
21,21
22,22
23,23
24,24
25,25
26,26
27,27
28,28
29,29
30,30
31,31
32,32
12,33
34,34
35,35
36,36
37,37
38,38
39,39
40,40
41,41
42,42
43,43
44,44
45,45
46,46
47,47
48,48
49,49
50,50
51,51
52,52
53,53
54,54
55,55
56,56
57,57
58,58
59,59
0,0
1,1
2,2
3,3
4,4
5,5
6,6
7,7
8,8
9,9
10,10
10,11
12,12
13,13
14,14
16,15
23,16
17,17
18,18
19,19
20,20
21,21
22,22
23,23
24,24
25,25
26,26
27,27
28,28
29,29
30,30
31,31
32,32
33,33
34,34
35,35
36,36
37,37
38,38
39,39
40,40
41,41
42,42
43,43
44,44
45,45
46,46
40,47
48,48
49,49
50,50
51,51
52,52
53,53
54,54
55,55
56,56
57,57
58,58
59,59
0,0
1,1
2,2
3,3
4,4
5,5
6,6
7,7
8,8
9,9
10,10
11,11
12,12
13,13
14,14
23,15
23,16
17,17
18,18
19,19
20,20
21,21
22,22
23,23
24,24
25,25
26,26
27,27
28,28
29,29
30,30
27,31
32,32
12,33
34,34
35,35
36,36
37,37
38,38
39,39
40,40
41,41
42,42
27,43
44,44
45,45
46,46
47,47
48,48
49,49
50,50
51,51
52,52
53,53
51,54
57,55
56,56
57,57
58,58
59,59
2,0
1,1
2,2
3,3
4,4
5,5
6,6
7,7
8,8
9,9
28,10
28,11
12,12
13,13
14,14
16,15
16,16
17,17
37,18
19,19
20,20
21,21
22,22
23,23
24,24
25,25
26,26
43,27
29,28
10,29
30,30
31,31
32,32
33,33
34,34
35,35
36,36
37,37
39,38
39,39
40,40
41,41
42,42
43,43
44,44
45,45
46,46
47,47
48,48
49,49
50,50
51,51
52,52
53,53
54,54
55,55
56,56
57,57
58,58
59,59
2,0
1,1
2,2
3,3
4,4
5,5
6,6
7,7
8,8
9,9
10,10
11,11
12,12
13,13
14,14
15,15
16,16
17,17
18,18
19,19
20,20
21,21
22,22
23,23
24,24
25,25
26,26
27,27
28,28
28,29
30,30
31,31
32,32
33,33
34,34
35,35
36,36
37,37
38,38
39,39
40,40
41,41
42,42
43,43
44,44
45,45
46,46
47,47
48,48
49,49
50,50
51,51
52,52
53,53
54,54
55,55
56,56
57,57
58,58
59,59
2,0
1,1
2,2
3,3
4,4
5,5
6,6
8,8
9,9
10,10
29,11
12,12
13,13
14,14
15,15
16,16
17,17
37,18
19,19
20,20
21,21
22,22
23,23
24,24
25,25
26,26
43,27
29,28
29,29
30,30
31,31
32,32
33,33
34,34
35,35
36,36
37,37
38,38
39,39
40,40
41,41
42,42
43,43
44,44
45,45
46,46
47,47
48,48
49,49
50,50
51,51
52,52
53,53
54,54
55,55
56,56
57,57
58,58
59,59
2,0
1,1
2,2
3,3
4,4
5,5
6,6
7,7
8,8
9,9
10,10
11,11
12,12
13,13
14,14
15,15
16,16
17,17
18,18
19,19
20,20
21,21
22,22
23,23
24,24
25,25
26,26
27,27
28,28
29,29
30,30
31,31
32,32
33,33
34,34
35,35
36,36
37,37
38,38
39,39
43,40
41,41
42,42
43,43
44,44
45,45
46,46
45,47
48,48
49,49
50,50
51,51
52,52
53,53
54,54
55,55
56,56
57,57
58,58
59,59
2,0
1,1
37,2
3,3
4,4
5,5
6,6
7,7
8,8
9,9
28,10
11,11
12,12
13,13
14,14
15,15
16,16
17,17
37,18
19,19
20,20
21,21
22,22
23,23
24,24
25,25
26,26
27,27
28,28
29,29
30,30
31,31
32,32
33,33
34,34
35,35
36,36
37,37
38,38
39,39
40,40
41,41
42,42
43,43
44,44
45,45
46,46
44,47
48,48
49,49
50,50
51,51
52,52
53,53
54,54
55,55
56,56
57,57
58,58
59,59
0,0
1,1
2,2
3,3
4,4
5,5
6,6
8,8
9,9
11,10
11,11
12,12
13,13
14,14
15,15
16,16
17,17
18,18
19,19
20,20
21,21
22,22
23,23
24,24
25,25
26,26
27,27
32,28
29,29
30,30
31,31
32,32
33,33
34,34
35,35
36,36
37,37
38,38
39,39
40,40
41,41
42,42
37,43
47,44
45,45
3,46
44,47
48,48
49,49
50,50
51,51
52,52
53,53
54,54
55,55
56,56
57,57
58,58
59,59
0,0
1,1
2,2
3,3
4,4
5,5
6,6
7,7
8,8
9,9
10,10
29,11
12,12
54,13
14,14
14,15
16,16
17,17
18,18
19,19
20,20
21,21
22,22
23,23
24,24
25,25
26,26
27,27
10,28
29,29
30,30
31,31
32,32
33,33
34,34
35,35
36,36
37,37
38,38
39,39
2,40
41,41
42,42
43,43
44,44
45,45
46,46
47,47
48,48
49,49
50,50
51,51
52,52
53,53
54,54
55,55
55,56
57,57
58,58
59,59
0,0
1,1
2,2
3,3
4,4
5,5
6,6
7,7
8,8
9,9
10,10
10,11
12,12
13,13
14,14
16,15
16,16
17,17
18,18
19,19
20,20
21,21
22,22
23,23
24,24
25,25
26,26
27,27
28,28
29,29
30,30
31,31
32,32
33,33
34,34
35,35
36,36
37,37
38,38
39,39
40,40
41,41
42,42
43,43
44,44
45,45
46,46
47,47
48,48
49,49
49,50
51,51
52,52
53,53
54,54
55,55
56,56
57,57
58,58
59,59
32,0
1,1
2,2
3,3
4,4
5,5
6,6
7,7
8,8
9,9
32,10
11,11
11,12
13,13
14,14
15,15
16,16
17,17
18,18
19,19
20,20
21,21
22,22
23,23
24,24
25,25
26,26
27,27
28,28
29,29
30,30
31,31
32,32
33,33
34,34
35,35
36,36
37,37
38,38
39,39
43,40
41,41
42,42
43,43
44,44
45,45
46,46
47,47
48,48
49,49
50,50
51,51
52,52
53,53
54,54
55,55
56,56
57,57
58,58
59,59
0,0
1,1
2,2
3,3
4,4
5,5
6,6
7,7
8,8
9,9
10,10
11,11
12,12
13,13
14,14
15,15
16,16
17,17
18,18
19,19
20,20
21,21
22,22
23,23
24,24
25,25
26,26
27,27
28,28
29,29
30,30
31,31
32,32
33,33
34,34
35,35
36,36
37,37
38,38
39,39
40,40
41,41
42,42
43,43
44,44
45,45
46,46
47,47
48,48
6,49
50,50
51,51
52,52
57,53
54,54
55,55
56,56
57,57
58,58
58,59
0,0
1,1
2,2
3,3
4,4
5,5
6,6
7,7
8,8
9,9
10,10
11,11
12,12
13,13
14,14
50,15
16,16
17,17
18,18
19,19
20,20
21,21
22,22
23,23
24,24
25,25
26,26
1,27
11,28
29,29
30,30
31,31
32,32
33,33
34,34
35,35
36,36
37,37
38,38
39,39
43,40
41,41
42,42
43,43
44,44
45,45
46,46
47,47
48,48
49,49
50,50
51,51
52,52
53,53
54,54
55,55
56,56
57,57
58,58
59,59
0,0
1,1
2,2
3,3
4,4
5,5
6,6
7,7
8,8
9,9
10,10
11,11
12,12
13,13
14,14
15,15
15,16
17,17
18,18
19,19
20,20
21,21
22,22
6,23
4,24
25,25
26,26
27,27
28,28
29,29
30,30
31,31
32,32
33,33
34,34
35,35
36,36
37,37
38,38
39,39
40,40
41,41
42,42
43,43
44,44
45,45
46,46
47,47
48,48
49,49
50,50
51,51
52,52
53,53
54,54
55,55
56,56
57,57
58,58
59,59
0,0
1,1
2,2
3,3
4,4
5,5
6,6
7,7
8,8
9,9
10,10
29,11
12,12
13,13
14,14
15,15
16,16
17,17
18,18
19,19
20,20
21,21
22,22
23,23
24,24
25,25
26,26
27,27
28,28
29,29
30,30
31,31
32,32
33,33
34,34
35,35
36,36
37,37
38,38
39,39
40,40
41,41
42,42
43,43
44,44
45,45
46,46
47,47
48,48
49,49
50,50
51,51
52,52
53,53
54,54
55,55
56,56
57,57
58,58
59,59
0,0
1,1
2,2
3,3
4,4
5,5
6,6
7,7
8,8
9,9
10,10
29,11
12,12
13,13
14,14
15,15
16,16
17,17
18,18
19,19
20,20
21,21
22,22
23,23
24,24
25,25
26,26
27,27
28,28
29,29
30,30
31,31
32,32
33,33
34,34
35,35
36,36
37,37
38,38
39,39
40,40
41,41
42,42
43,43
44,44
45,45
46,46
47,47
48,48
49,49
50,50
51,51
52,52
53,53
54,54
55,55
56,56
57,57
58,58
59,59
0,0
1,1
2,2
3,3
4,4
5,5
6,6
7,7
8,8
9,9
10,10
29,11
12,12
13,13
14,14
15,15
16,16
17,17
18,18
19,19
20,20
21,21
22,22
23,23
24,24
25,25
26,26
27,27
28,28
29,29
30,30
31,31
32,32
33,33
34,34
53,35
36,36
37,37
38,38
39,39
40,40
41,41
42,42
43,43
44,44
45,45
46,46
47,47
48,48
49,49
50,50
51,51
52,52
53,53
54,54
55,55
56,56
57,57
58,58
59,59
0,0
1,1
2,2
3,3
4,4
5,5
6,6
7,7
8,8
9,9
10,10
11,11
12,12
13,13
14,14
15,15
16,16
17,17
18,18
19,19
20,20
21,21
22,22
23,23
24,24
25,25
26,26
27,27
28,28
29,29
30,30
31,31
32,32
33,33
34,34
35,35
36,36
37,37
38,38
39,39
40,40
41,41
42,42
43,43
44,44
45,45
46,46
47,47
48,48
49,49
50,50
51,51
52,52
53,53
54,54
55,55
56,56
57,57
58,58
59,59
0,0
1,1
2,2
3,3
4,4
5,5
6,6
7,7
8,8
33,9
10,10
29,11
12,12
13,13
14,14
15,15
16,16
17,17
18,18
19,19
20,20
21,21
22,22
23,23
24,24
25,25
26,26
27,27
28,28
29,29
30,30
31,31
32,32
33,33
34,34
35,35
36,36
37,37
38,38
39,39
40,40
41,41
42,42
43,43
44,44
45,45
46,46
47,47
48,48
49,49
50,50
51,51
52,52
53,53
54,54
55,55
56,56
57,57
58,58
59,59
0,0
1,1
2,2
3,3
4,4
5,5
6,6
7,7
8,8
9,9
10,10
29,11
12,12
13,13
14,14
15,15
16,16
1,17
18,18
19,19
20,20
21,21
22,22
23,23
24,24
25,25
26,26
27,27
28,28
29,29
30,30
31,31
32,32
33,33
34,34
35,35
36,36
37,37
38,38
39,39
40,40
41,41
42,42
43,43
44,44
45,45
46,46
47,47
48,48
49,49
50,50
51,51
52,52
53,53
54,54
55,55
49,56
57,57
58,58
59,59
0,0
1,1
0,2
3,3
4,4
5,5
6,6
7,7
8,8
9,9
28,10
11,11
12,12
13,13
14,14
15,15
16,16
17,17
18,18
19,19
20,20
21,21
22,22
23,23
24,24
25,25
26,26
27,27
28,28
29,29
30,30
31,31
32,32
33,33
34,34
35,35
40,36
37,37
38,38
39,39
40,40
41,41
42,42
43,43
44,44
45,45
46,46
47,47
48,48
49,49
50,50
51,51
52,52
53,53
54,54
55,55
56,56
57,57
58,58
59,59
0,0
1,1
2,2
3,3
4,4
5,5
6,6
7,7
8,8
9,9
10,10
29,11
12,12
13,13
14,14
15,15
16,16
17,17
18,18
19,19
20,20
21,21
22,22
23,23
24,24
25,25
26,26
27,27
11,28
11,29
30,30
31,31
32,32
33,33
34,34
35,35
36,36
37,37
38,38
39,39
40,40
41,41
42,42
43,43
44,44
45,45
46,46
47,47
31,48
49,49
50,50
51,51
52,52
53,53
54,54
55,55
56,56
57,57
58,58
59,59
0,0
1,1
0,2
3,3
4,4
5,5
6,6
7,7
8,8
9,9
32,10
29,11
12,12
13,13
14,14
15,15
16,16
17,17
18,18
19,19
40,20
21,21
22,22
23,23
24,24
25,25
26,26
27,27
1,28
29,29
30,30
31,31
32,32
33,33
34,34
35,35
40,36
37,37
38,38
39,39
40,40
41,41
42,42
36,43
44,44
45,45
20,46
47,47
48,48
49,49
50,50
51,51
52,52
53,53
54,54
55,55
56,56
57,57
58,58
59,59
0,0
1,1
2,2
3,3
4,4
5,5
6,6
7,7
8,8
9,9
10,10
4,11
12,12
13,13
14,14
15,15
15,16
17,17
18,18
19,19
20,20
21,21
22,22
23,23
24,24
25,25
26,26
27,27
11,28
29,29
30,30
31,31
32,32
33,33
34,34
35,35
36,36
37,37
38,38
39,39
40,40
41,41
42,42
43,43
44,44
45,45
46,46
47,47
48,48
49,49
50,50
51,51
52,52
53,53
54,54
55,55
49,56
57,57
58,58
59,59
0,0
1,1
2,2
3,3
4,4
5,5
6,6
7,7
8,8
33,9
28,10
11,11
12,12
13,13
14,14
15,15
16,16
17,17
18,18
19,19
20,20
21,21
22,22
23,23
24,24
25,25
26,26
27,27
12,28
29,29
30,30
31,31
32,32
33,33
34,34
35,35
36,36
37,37
38,38
39,39
40,40
41,41
42,42
43,43
44,44
45,45
46,46
47,47
48,48
49,49
50,50
51,51
52,52
53,53
54,54
55,55
49,56
57,57
58,58
59,59
0,0
1,1
2,2
3,3
4,4
5,5
39,6
46,7
45,8
9,9
46,10
46,11
35,12
13,13
14,14
16,15
57,16
17,17
18,18
0,19
48,20
22,21
22,22
23,23
44,24
25,25
26,26
27,27
11,28
3,29
27,30
31,31
32,32
32,33
34,34
35,35
43,36
37,37
38,38
39,39
40,40
41,41
42,42
38,43
44,44
45,45
46,46
47,47
48,48
49,49
50,50
51,51
52,52
53,53
54,54
55,55
56,56
57,57
58,58
59,59
0,0
1,1
2,2
32,3
4,4
5,5
6,6
7,7
8,8
9,9
10,10
9,11
12,12
13,13
14,14
15,15
16,16
17,17
18,18
19,19
20,20
21,21
22,22
23,23
24,24
25,25
26,26
27,27
28,28
29,29
30,30
31,31
32,32
33,33
34,34
35,35
36,36
37,37
38,38
39,39
40,40
41,41
42,42
43,43
44,44
45,45
46,46
47,47
48,48
49,49
50,50
51,51
52,52
53,53
54,54
55,55
56,56
57,57
58,58
59,59
0,0
12,1
2,2
3,3
4,4
5,5
6,6
7,7
8,8
9,9
11,10
11,11
12,12
13,13
14,14
15,15
16,16
17,17
18,18
19,19
20,20
39,21
22,22
23,23
24,24
25,25
26,26
27,27
28,28
9,29
30,30
31,31
32,32
33,33
34,34
35,35
36,36
37,37
38,38
39,39
40,40
41,41
42,42
43,43
44,44
45,45
46,46
47,47
48,48
49,49
50,50
51,51
52,52
53,53
54,54
55,55
56,56
57,57
58,58
59,59
0,0
1,1
17,2
0,3
34,4
5,5
6,6
7,7
8,8
9,9
10,10
32,11
2,12
13,13
14,14
15,15
15,16
17,17
18,18
19,19
20,20
21,21
20,22
23,23
24,24
25,25
26,26
27,27
10,28
35,29
30,30
31,31
32,32
33,33
34,34
35,35
36,36
37,37
38,38
39,39
40,40
41,41
42,42
43,43
24,44
45,45
46,46
47,47
48,48
49,49
50,50
51,51
52,52
53,53
54,54
55,55
56,56
57,57
58,58
59,59
0,0
1,1
2,2
3,3
4,4
5,5
6,6
7,7
8,8
9,9
28,10
11,11
12,12
13,13
14,14
16,15
16,16
17,17
18,18
19,19
20,20
21,21
22,22
23,23
24,24
25,25
26,26
27,27
28,28
28,29
30,30
31,31
32,32
33,33
34,34
29,35
36,36
37,37
38,38
39,39
40,40
41,41
42,42
43,43
44,44
45,45
46,46
47,47
48,48
49,49
50,50
51,51
53,52
53,53
54,54
55,55
55,56
57,57
58,58
59,59
0,0
1,1
2,2
3,3
34,4
5,5
6,6
7,7
8,8
9,9
28,10
11,11
12,12
13,13
14,14
15,15
16,16
17,17
18,18
19,19
20,20
21,21
22,22
23,23
24,24
25,25
26,26
27,27
10,28
29,29
30,30
31,31
32,32
33,33
34,34
35,35
36,36
37,37
38,38
39,39
40,40
41,41
42,42
43,43
44,44
45,45
46,46
47,47
48,48
49,49
50,50
51,51
52,52
53,53
54,54
55,55
56,56
57,57
58,58
59,59
10,0
1,1
27,2
3,3
4,4
5,5
6,6
7,7
8,8
9,9
10,10
11,11
12,12
13,13
14,14
15,15
16,16
18,17
18,18
19,19
20,20
22,21
22,22
23,23
24,24
25,25
26,26
27,27
28,28
29,29
30,30
31,31
32,32
48,33
34,34
28,35
3,36
37,37
38,38
39,39
40,40
41,41
42,42
43,43
44,44
45,45
46,46
47,47
48,48
49,49
50,50
51,51
52,52
53,53
54,54
55,55
56,56
57,57
58,58
59,59
0,0
1,1
2,2
3,3
4,4
5,5
6,6
7,7
8,8
9,9
10,10
11,11
12,12
13,13
14,14
15,15
16,16
17,17
18,18
19,19
20,20
21,21
22,22
23,23
24,24
25,25
26,26
27,27
28,28
29,29
30,30
31,31
32,32
33,33
34,34
35,35
36,36
37,37
39,38
39,39
40,40
41,41
42,42
43,43
44,44
45,45
46,46
47,47
48,48
49,49
50,50
51,51
52,52
53,53
54,54
55,55
56,56
57,57
58,58
59,59
0,0
1,1
2,2
3,3
4,4
5,5
6,6
7,7
8,8
9,9
10,10
11,11
12,12
13,13
14,14
15,15
16,16
0,17
18,18
19,19
20,20
21,21
22,22
23,23
24,24
25,25
26,26
27,27
28,28
29,29
30,30
31,31
32,32
33,33
34,34
35,35
36,36
37,37
38,38
39,39
40,40
41,41
42,42
43,43
44,44
45,45
46,46
47,47
48,48
49,49
50,50
51,51
53,52
53,53
54,54
55,55
56,56
57,57
58,58
59,59
0,0
1,1
2,2
3,3
6,6
7,7
8,8
9,9
31,10
10,11
12,12
13,13
14,14
15,15
16,16
17,17
18,18
19,19
20,20
21,21
22,22
23,23
24,24
25,25
26,26
27,27
28,28
29,29
30,30
31,31
32,32
33,33
34,34
35,35
36,36
37,37
13,38
39,39
40,40
41,41
42,42
37,43
44,44
45,45
46,46
47,47
48,48
49,49
50,50
51,51
52,52
53,53
54,54
55,55
56,56
57,57
58,58
59,59
0,0
1,1
2,2
3,3
4,4
5,5
6,6
7,7
8,8
11,9
10,10
11,11
12,12
13,13
14,14
15,15
16,16
1,17
18,18
19,19
20,20
21,21
22,22
23,23
24,24
25,25
26,26
27,27
28,28
29,29
30,30
31,31
32,32
33,33
34,34
35,35
36,36
37,37
38,38
39,39
40,40
41,41
42,42
43,43
44,44
45,45
46,46
47,47
48,48
49,49
50,50
51,51
52,52
53,53
54,54
55,55
56,56
57,57
58,58
59,59
0,0
1,1
0,2
3,3
34,4
5,5
6,6
7,7
8,8
9,9
10,10
29,11
12,12
13,13
14,14
15,15
16,16
17,17
18,18
19,19
20,20
21,21
22,22
23,23
24,24
25,25
26,26
27,27
28,28
28,29
30,30
31,31
32,32
33,33
34,34
35,35
36,36
37,37
39,38
39,39
40,40
41,41
42,42
43,43
44,44
45,45
46,46
47,47
48,48
49,49
50,50
51,51
52,52
53,53
54,54
55,55
56,56
57,57
58,58
59,59
0,0
1,1
2,2
3,3
4,4
5,5
13,6
42,7
10,10
11,11
12,12
15,13
14,14
15,15
16,16
17,17
18,18
19,19
20,20
21,21
22,22
23,23
25,25
26,26
17,27
11,28
29,29
30,30
31,31
32,32
33,33
34,34
35,35
22,36
37,37
38,38
39,39
40,40
23,41
42,42
43,43
44,44
45,45
40,46
47,47
48,48
49,49
50,50
51,51
52,52
53,53
54,54
55,55
56,56
57,57
58,58
59,59
0,0
1,1
43,2
3,3
4,4
5,5
6,6
7,7
8,8
9,9
10,10
11,11
12,12
13,13
14,14
15,15
16,16
17,17
18,18
19,19
20,20
21,21
22,22
23,23
24,24
25,25
26,26
27,27
28,28
29,29
30,30
31,31
32,32
33,33
34,34
35,35
36,36
37,37
38,38
39,39
40,40
41,41
42,42
43,43
44,44
45,45
46,46
47,47
48,48
49,49
50,50
51,51
52,52
53,53
54,54
55,55
50,56
57,57
58,58
59,59
0,0
1,1
2,2
3,3
4,4
5,5
6,6
7,7
8,8
9,9
10,10
28,11
12,12
13,13
14,14
15,15
16,16
17,17
18,18
19,19
20,20
21,21
22,22
23,23
24,24
25,25
26,26
27,27
10,28
29,29
31,30
43,31
32,32
33,33
34,34
35,35
36,36
37,37
38,38
39,39
36,40
41,41
42,42
43,43
44,44
45,45
46,46
47,47
48,48
49,49
50,50
51,51
52,52
53,53
54,54
55,55
56,56
57,57
58,58
59,59
0,0
1,1
2,2
3,3
4,4
5,5
6,6
7,7
8,8
9,9
10,10
11,11
12,12
6,13
14,14
15,15
16,16
17,17
18,18
19,19
20,20
21,21
22,22
23,23
24,24
25,25
26,26
27,27
28,28
29,29
30,30
31,31
32,32
33,33
34,34
35,35
36,36
37,37
38,38
39,39
40,40
41,41
42,42
43,43
44,44
45,45
46,46
47,47
48,48
49,49
50,50
51,51
52,52
53,53
54,54
55,55
56,56
57,57
58,58
59,59
0,0
1,1
2,2
3,3
4,4
5,5
6,6
7,7
8,8
9,9
10,10
29,11
12,12
13,13
14,14
15,15
16,16
17,17
18,18
19,19
20,20
21,21
22,22
23,23
24,24
25,25
26,26
27,27
28,28
29,29
30,30
31,31
32,32
33,33
34,34
35,35
36,36
37,37
38,38
39,39
40,40
41,41
42,42
43,43
44,44
45,45
46,46
47,47
48,48
49,49
50,50
51,51
52,52
53,53
54,54
55,55
56,56
57,57
58,58
59,59
0,0
43,2
4,4
5,5
6,6
7,7
8,8
31,9
10,10
10,11
12,12
13,13
14,14
15,15
16,16
17,17
18,18
19,19
20,20
21,21
22,22
23,23
24,24
25,25
26,26
27,27
29,28
29,29
30,30
31,31
32,32
33,33
34,34
35,35
36,36
37,37
38,38
39,39
40,40
41,41
42,42
43,43
44,44
45,45
46,46
47,47
48,48
49,49
50,50
51,51
52,52
53,53
54,54
55,55
56,56
57,57
58,58
59,59
0,0
1,1
2,2
3,3
24,4
5,5
6,6
7,7
8,8
9,9
10,10
29,11
12,12
13,13
14,14
15,15
15,16
17,17
18,18
19,19
20,20
21,21
22,22
23,23
24,24
25,25
26,26
27,27
28,28
29,29
30,30
31,31
32,32
33,33
34,34
35,35
36,36
37,37
38,38
39,39
40,40
41,41
42,42
43,43
44,44
45,45
46,46
47,47
48,48
49,49
50,50
51,51
52,52
53,53
54,54
55,55
56,56
57,57
58,58
59,59
0,0
1,1
2,2
3,3
4,4
5,5
6,6
7,7
8,8
9,9
10,10
11,11
12,12
13,13
14,14
15,15
19,16
20,17
20,18
13,19
19,20
21,21
22,22
23,23
15,24
25,25
26,26
10,27
48,28
29,29
30,30
31,31
32,32
33,33
34,34
35,35
36,36
37,37
38,38
39,39
40,40
41,41
42,42
43,43
44,44
45,45
46,46
47,47
48,48
49,49
50,50
51,51
52,52
53,53
54,54
55,55
56,56
57,57
58,58
59,59
0,0
1,1
43,2
3,3
4,4
5,5
6,6
7,7
8,8
9,9
10,10
29,11
12,12
13,13
14,14
15,15
16,16
17,17
29,18
19,19
20,20
21,21
22,22
23,23
15,24
25,25
26,26
27,27
12,28
29,29
30,30
31,31
32,32
33,33
34,34
35,35
36,36
37,37
38,38
39,39
43,40
41,41
42,42
17,43
47,44
45,45
46,46
47,47
48,48
49,49
50,50
51,51
52,52
53,53
54,54
55,55
56,56
57,57
58,58
59,59
0,0
1,1
2,2
48,3
4,4
5,5
6,6
7,7
8,8
9,9
28,10
11,11
22,12
13,13
14,14
15,15
15,16
17,17
18,18
19,19
20,20
21,21
22,22
23,23
24,24
25,25
26,26
17,27
11,28
29,29
30,30
30,31
32,32
33,33
34,34
35,35
36,36
37,37
38,38
39,39
40,40
41,41
42,42
19,43
44,44
45,45
46,46
47,47
48,48
49,49
50,50
51,51
52,52
53,53
54,54
55,55
56,56
57,57
58,58
59,59
0,0
1,1
2,2
3,3
4,4
5,5
13,6
7,7
8,8
21,9
10,10
10,11
12,12
13,13
14,14
15,15
16,16
17,17
18,18
19,19
20,20
21,21
22,22
23,23
10,24
25,25
26,26
21,27
28,28
11,29
8,30
31,31
46,32
33,33
34,34
35,35
36,36
37,37
38,38
39,39
20,40
41,41
42,42
17,43
44,44
45,45
46,46
47,47
48,48
49,49
50,50
51,51
52,52
53,53
54,54
55,55
56,56
57,57
58,58
59,59
32,0
11,1
29,2
17,3
4,4
5,5
6,6
7,7
43,9
10,10
11,11
13,12
13,13
14,14
23,23
26,26
14,29
19,30
20,31
10,32
21,33
34,34
29,35
24,36
37,37
38,38
39,39
40,40
41,41
42,42
43,43
44,44
45,45
46,46
47,47
48,48
49,49
50,50
51,51
57,52
53,53
54,54
55,55
56,56
57,57
58,58
59,59
18,0
1,1
3,3
4,4
5,5
13,6
7,7
8,8
22,9
10,10
29,11
12,12
13,13
14,14
15,15
16,16
17,17
1,18
19,19
20,20
21,21
3,22
23,23
15,24
25,25
26,26
0,27
10,28
29,29
30,30
45,31
33,32
33,33
34,34
35,35
36,36
35,37
38,38
39,39
35,40
41,41
42,42
46,43
44,44
45,45
46,46
47,47
48,48
49,49
23,50
51,51
54,52
10,53
54,54
55,55
56,56
54,57
58,58
59,59
0,0
1,1
2,2
3,3
4,4
5,5
6,6
7,7
8,8
9,9
28,10
29,11
12,12
13,13
14,14
15,15
16,16
17,17
18,18
19,19
20,20
21,21
22,22
23,23
24,24
25,25
26,26
27,27
36,28
29,29
30,30
31,31
32,32
33,33
34,34
35,35
36,36
37,37
38,38
39,39
40,40
41,41
42,42
43,43
44,44
45,45
46,46
47,47
48,48
55,49
50,50
51,51
52,52
53,53
54,54
55,55
56,56
57,57
58,58
59,59
0,0
2,1
2,2
3,3
4,4
5,5
13,6
7,7
8,8
9,9
10,10
11,11
33,12
13,13
14,14
15,15
16,16
17,17
18,18
19,19
20,20
21,21
22,22
23,23
45,24
25,25
26,26
27,27
28,28
29,29
22,30
31,31
32,32
33,33
34,34
35,35
36,36
37,37
38,38
39,39
40,40
41,41
42,42
43,43
44,44
45,45
46,46
47,47
48,48
49,49
50,50
51,51
52,52
53,53
54,54
55,55
56,56
57,57
58,58
59,59
1,1
3,3
4,4
5,5
6,6
7,7
8,8
9,9
28,10
11,11
12,12
14,14
15,15
16,16
17,17
18,18
19,19
20,20
48,21
22,22
23,23
24,24
25,25
26,26
27,27
47,28
29,29
30,30
31,31
32,32
33,33
34,34
35,35
36,36
37,37
38,38
39,39
40,40
41,41
42,42
43,43
44,44
45,45
46,46
47,47
48,48
50,49
50,50
58,51
52,52
53,53
54,54
27,55
56,56
57,57
58,58
59,59
0,0
1,1
2,2
3,3
4,4
5,5
6,6
7,7
8,8
36,9
31,10
29,11
14,12
13,13
14,14
15,15
16,16
17,17
18,18
19,19
20,20
21,21
22,22
23,23
24,24
25,25
26,26
27,27
28,28
29,29
22,30
31,31
32,32
33,33
34,34
35,35
36,36
37,37
38,38
39,39
40,40
41,41
42,42
43,43
44,44
45,45
46,46
47,47
48,48
51,49
50,50
51,51
52,52
53,53
54,54
55,55
56,56
57,57
58,58
59,59
0,0
1,1
2,2
3,3
4,4
5,5
6,6
7,7
8,8
9,9
10,10
29,11
12,12
13,13
14,14
15,15
16,16
17,17
18,18
19,19
20,20
9,21
22,22
23,23
24,24
25,25
26,26
27,27
36,28
29,29
30,30
31,31
32,32
33,33
34,34
35,35
36,36
37,37
38,38
39,39
40,40
41,41
42,42
43,43
44,44
45,45
46,46
47,47
48,48
56,49
50,50
51,51
52,52
53,53
54,54
55,55
56,56
57,57
58,58
59,59
0,0
3,1
2,2
3,3
4,4
5,5
12,6
7,7
8,8
9,9
28,10
29,11
33,12
14,13
14,14
15,15
16,16
17,17
18,18
19,19
20,20
21,21
22,22
41,23
16,24
25,25
26,26
27,27
28,28
4,29
22,30
31,31
32,32
33,33
34,34
35,35
36,36
37,37
38,38
39,39
40,40
41,41
42,42
43,43
44,44
45,45
46,46
47,47
48,48
49,49
50,50
51,51
52,52
53,53
54,54
55,55
56,56
53,57
58,58
59,59
0,0
1,1
2,2
3,3
4,4
5,5
6,6
7,7
8,8
9,9
10,10
11,11
12,12
13,13
14,14
16,15
16,16
17,17
18,18
19,19
20,20
21,21
22,22
23,23
24,24
25,25
26,26
27,27
28,28
29,29
30,30
31,31
32,32
33,33
34,34
35,35
36,36
37,37
38,38
39,39
40,40
41,41
42,42
43,43
44,44
45,45
46,46
47,47
48,48
49,49
50,50
51,51
52,52
53,53
54,54
55,55
55,56
57,57
58,58
59,59
0,0
1,1
2,2
3,3
6,4
5,5
41,6
7,7
8,8
9,9
10,10
31,11
12,12
13,13
14,14
15,15
23,16
17,17
18,18
20,20
21,21
9,22
23,23
45,24
25,25
26,26
27,27
10,28
29,29
30,30
31,31
32,32
10,33
34,34
35,35
36,36
37,37
38,38
39,39
40,40
41,41
42,42
43,43
44,44
45,45
46,46
47,47
48,48
49,49
50,50
51,51
52,52
53,53
54,54
55,55
56,56
57,57
58,58
59,59
0,0
1,1
36,2
3,3
4,4
5,5
6,6
7,7
8,8
9,9
10,10
11,11
12,12
15,13
14,14
16,15
16,16
17,17
18,18
19,19
20,20
3,21
22,22
23,23
24,24
25,25
26,26
27,27
28,28
29,29
31,30
31,31
9,32
33,33
34,34
35,35
36,36
37,37
38,38
39,39
40,40
41,41
42,42
43,43
44,44
45,45
46,46
47,47
48,48
49,49
50,50
51,51
52,52
53,53
54,54
55,55
49,56
57,57
58,58
59,59
0,0
1,1
2,2
3,3
15,4
5,5
6,6
42,7
8,8
9,9
10,10
31,11
12,12
9,13
14,14
15,15
16,16
17,17
18,18
19,19
20,20
21,21
9,22
23,23
45,24
25,25
26,26
2,27
10,28
29,29
30,30
31,31
32,32
33,33
34,34
35,35
36,36
37,37
38,38
39,39
40,40
41,41
42,42
43,43
44,44
45,45
46,46
47,47
48,48
49,49
50,50
51,51
52,52
53,53
54,54
55,55
56,56
57,57
58,58
59,59
0,0
1,1
2,2
3,3
4,4
5,5
6,6
7,7
8,8
9,9
10,10
11,11
12,12
13,13
14,14
16,15
16,16
17,17
18,18
19,19
20,20
48,21
22,22
23,23
24,24
25,25
26,26
27,27
28,28
29,29
30,30
31,31
32,32
33,33
34,34
35,35
36,36
37,37
38,38
39,39
40,40
41,41
42,42
43,43
44,44
45,45
46,46
47,47
48,48
49,49
50,50
51,51
52,52
53,53
54,54
55,55
55,56
57,57
58,58
59,59
1,0
1,1
2,2
3,3
19,4
5,5
41,6
7,7
8,8
9,9
10,10
31,11
12,12
13,13
14,14
15,15
16,16
17,17
18,18
19,19
20,20
3,21
22,22
41,23
3,24
25,25
26,26
27,27
15,28
29,29
31,30
31,31
32,32
33,33
34,34
35,35
36,36
37,37
38,38
39,39
40,40
41,41
43,43
44,44
23,45
46,46
47,47
48,48
49,49
50,50
51,51
54,52
53,53
54,54
55,55
56,56
57,57
58,58
59,59
0,0
27,1
2,2
3,3
4,4
5,5
6,6
7,7
8,8
9,9
10,10
29,11
12,12
13,13
14,14
15,15
16,16
17,17
18,18
19,19
20,20
21,21
22,22
23,23
24,24
25,25
26,26
27,27
11,28
29,29
30,30
31,31
32,32
33,33
34,34
35,35
36,36
37,37
38,38
39,39
40,40
41,41
42,42
43,43
44,44
45,45
46,46
47,47
48,48
49,49
50,50
51,51
52,52
53,53
54,54
55,55
56,56
57,57
58,58
59,59
0,0
1,1
43,2
3,3
4,4
5,5
6,6
7,7
8,8
9,9
28,10
11,11
12,12
13,13
14,14
15,15
16,16
17,17
18,18
19,19
20,20
21,21
22,22
23,23
24,24
25,25
26,26
27,27
28,28
29,29
31,30
31,31
32,32
33,33
34,34
35,35
36,36
37,37
39,38
39,39
40,40
41,41
42,42
43,43
44,44
45,45
46,46
47,47
48,48
49,49
50,50
51,51
52,52
53,53
54,54
55,55
56,56
57,57
58,58
59,59
0,0
1,1
2,2
3,3
4,4
5,5
6,6
7,7
8,8
9,9
10,10
11,11
12,12
13,13
14,14
15,15
15,16
17,17
18,18
19,19
20,20
21,21
22,22
23,23
24,24
25,25
26,26
17,27
28,28
29,29
30,30
31,31
32,32
33,33
34,34
35,35
36,36
37,37
38,38
39,39
40,40
41,41
42,42
43,43
44,44
44,45
46,46
47,47
48,48
49,49
50,50
51,51
52,52
53,53
54,54
55,55
56,56
57,57
58,58
59,59
0,0
1,1
43,2
3,3
4,4
5,5
6,6
7,7
8,8
9,9
11,10
11,11
12,12
13,13
14,14
15,15
16,16
17,17
18,18
19,19
20,20
21,21
22,22
23,23
24,24
25,25
26,26
27,27
28,28
29,29
31,30
31,31
32,32
33,33
34,34
35,35
36,36
37,37
38,38
39,39
36,40
41,41
42,42
43,43
44,44
45,45
46,46
47,47
48,48
49,49
50,50
51,51
52,52
53,53
54,54
55,55
56,56
57,57
58,58
59,59
0,0
28,1
2,2
3,3
6,4
5,5
6,6
7,7
8,8
9,9
10,10
11,11
12,12
13,13
14,14
15,15
16,16
17,17
18,18
19,19
20,20
21,21
22,22
23,23
24,24
25,25
26,26
27,27
10,28
29,29
30,30
31,31
32,32
33,33
34,34
35,35
36,36
37,37
38,38
39,39
40,40
41,41
42,42
43,43
44,44
45,45
46,46
47,47
48,48
49,49
50,50
51,51
52,52
53,53
54,54
55,55
56,56
57,57
58,58
59,59
0,0
1,1
43,2
3,3
4,4
5,5
56,6
7,7
8,8
9,9
28,10
11,11
12,12
13,13
14,14
15,15
16,16
17,17
18,18
19,19
20,20
21,21
22,22
23,23
44,24
25,25
26,26
43,27
29,28
29,29
31,30
31,31
32,32
33,33
34,34
35,35
36,36
37,37
38,38
39,39
48,40
41,41
42,42
43,43
44,44
45,45
46,46
47,47
48,48
49,49
50,50
51,51
52,52
53,53
54,54
56,55
56,56
57,57
58,58
59,59
0,0
1,1
2,2
3,3
4,4
5,5
49,6
7,7
8,8
9,9
10,10
29,11
12,12
13,13
14,14
15,15
16,16
17,17
18,18
19,19
20,20
21,21
22,22
23,23
17,24
25,25
26,26
27,27
11,28
29,29
30,30
31,31
32,32
33,33
34,34
35,35
36,36
37,37
38,38
39,39
40,40
41,41
42,42
43,43
44,44
45,45
46,46
47,47
48,48
49,49
50,50
51,51
52,52
53,53
54,54
55,55
56,56
57,57
58,58
59,59
0,0
1,1
2,2
3,3
4,4
34,5
6,6
7,7
8,8
9,9
10,10
29,11
9,12
13,13
14,14
15,15
16,16
17,17
18,18
19,19
20,20
21,21
22,22
23,23
17,24
25,25
26,26
2,27
10,28
11,29
30,30
31,31
32,32
33,33
34,34
35,35
36,36
37,37
38,38
39,39
40,40
41,41
42,42
16,43
44,44
45,45
46,46
47,47
48,48
49,49
50,50
51,51
52,52
53,53
54,54
55,55
56,56
57,57
58,58
59,59
17,0
1,1
2,2
3,3
4,4
5,5
13,6
7,7
8,8
9,9
10,10
29,11
12,12
13,13
14,14
15,15
16,16
17,17
18,18
19,19
20,20
21,21
22,22
23,23
17,24
25,25
26,26
27,27
11,28
11,29
30,30
31,31
32,32
33,33
34,34
35,35
36,36
37,37
38,38
39,39
40,40
41,41
42,42
43,43
44,44
45,45
46,46
47,47
48,48
49,49
50,50
51,51
52,52
53,53
54,54
55,55
56,56
57,57
58,58
59,59
0,0
1,1
2,2
3,3
4,4
5,5
6,6
7,7
8,8
9,9
10,10
29,11
12,12
13,13
14,14
15,15
16,16
17,17
18,18
19,19
20,20
21,21
22,22
23,23
24,24
25,25
26,26
27,27
10,28
11,29
30,30
31,31
32,32
33,33
34,34
35,35
36,36
37,37
38,38
39,39
40,40
41,41
42,42
15,43
45,44
45,45
46,46
47,47
48,48
49,49
50,50
51,51
52,52
53,53
54,54
55,55
56,56
57,57
58,58
59,59
0,0
10,1
2,2
3,3
4,4
5,5
49,6
7,7
8,8
9,9
10,10
29,11
12,12
13,13
14,14
15,15
16,16
17,17
18,18
19,19
20,20
21,21
22,22
23,23
17,24
25,25
26,26
27,27
11,28
29,29
30,30
31,31
32,32
33,33
34,34
35,35
36,36
37,37
38,38
39,39
40,40
41,41
42,42
43,43
44,44
45,45
46,46
47,47
48,48
49,49
50,50
51,51
52,52
53,53
54,54
55,55
56,56
57,57
58,58
59,59
0,0
1,1
2,2
3,3
4,4
5,5
41,6
7,7
8,8
9,9
10,10
11,11
12,12
13,13
14,14
15,15
23,16
17,17
18,18
19,19
20,20
21,21
22,22
23,23
17,24
25,25
26,26
1,27
28,28
29,29
30,30
45,31
32,32
33,33
34,34
35,35
36,36
37,37
38,38
39,39
20,40
41,41
42,42
16,43
15,44
45,45
36,46
47,47
48,48
49,49
50,50
51,51
52,52
53,53
54,54
55,55
56,56
57,57
58,58
59,59
0,0
1,1
2,2
48,3
4,4
5,5
6,6
7,7
26,8
9,9
10,10
11,11
12,12
13,13
14,14
15,15
15,16
17,17
18,18
19,19
20,20
21,21
22,22
23,23
24,24
25,25
26,26
27,27
28,28
29,29
30,30
31,31
10,32
33,33
34,34
35,35
36,36
37,37
38,38
39,39
40,40
41,41
42,42
43,43
44,44
45,45
46,46
47,47
48,48
49,49
50,50
51,51
52,52
53,53
54,54
55,55
56,56
57,57
58,58
59,59
0,0
1,1
2,2
3,3
4,4
5,5
6,6
7,7
8,8
9,9
10,10
29,11
13,12
13,13
14,14
15,15
16,16
17,17
18,18
19,19
20,20
21,21
22,22
23,23
24,24
25,25
26,26
2,27
28,28
29,29
30,30
31,31
32,32
33,33
34,34
35,35
36,36
37,37
39,38
39,39
40,40
41,41
42,42
46,43
44,44
45,45
46,46
47,47
48,48
50,49
50,50
51,51
52,52
53,53
54,54
57,55
56,56
57,57
58,58
59,59
0,0
1,1
2,2
48,3
11,4
5,5
6,6
7,7
8,8
9,9
10,10
11,11
12,12
13,13
14,14
15,15
15,16
17,17
18,18
19,19
20,20
21,21
22,22
23,23
24,24
25,25
26,26
27,27
28,28
29,29
30,30
31,31
1,32
33,33
34,34
35,35
36,36
37,37
38,38
39,39
40,40
41,41
42,42
43,43
44,44
45,45
46,46
47,47
48,48
49,49
50,50
51,51
52,52
53,53
54,54
55,55
56,56
57,57
58,58
59,59
0,0
1,1
2,2
3,3
4,4
5,5
6,6
7,7
8,8
9,9
10,10
11,11
13,12
13,13
14,14
15,15
15,16
17,17
18,18
19,19
20,20
21,21
22,22
23,23
24,24
25,25
26,26
17,27
28,28
29,29
30,30
31,31
32,32
33,33
34,34
23,35
36,36
37,37
38,38
39,39
40,40
41,41
42,42
43,43
44,44
45,45
46,46
47,47
48,48
49,49
50,50
51,51
52,52
53,53
54,54
55,55
56,56
57,57
58,58
59,59
0,0
1,1
2,2
48,3
10,4
5,5
6,6
7,7
8,8
9,9
10,10
11,11
12,12
13,13
14,14
15,15
15,16
17,17
18,18
19,19
20,20
21,21
22,22
23,23
24,24
25,25
26,26
27,27
28,28
29,29
30,30
31,31
32,32
33,33
34,34
35,35
36,36
37,37
38,38
39,39
40,40
41,41
42,42
43,43
44,44
45,45
46,46
47,47
48,48
49,49
50,50
51,51
52,52
53,53
54,54
55,55
56,56
57,57
58,58
59,59
0,0
1,1
2,2
3,3
4,4
47,5
6,6
7,7
8,8
9,9
10,10
11,11
12,12
13,13
14,14
16,15
16,16
17,17
36,18
19,19
20,20
21,21
22,22
23,23
15,24
25,25
26,26
2,27
10,28
29,29
30,30
31,31
32,32
33,33
34,34
35,35
36,36
37,37
39,38
39,39
40,40
41,41
42,42
43,43
44,44
45,45
46,46
47,47
48,48
50,49
50,50
51,51
52,52
53,53
54,54
55,55
56,56
57,57
58,58
59,59
0,0
1,1
2,2
3,3
4,4
5,5
6,6
7,7
8,8
9,9
10,10
11,11
12,12
13,13
14,14
15,15
16,16
17,17
18,18
19,19
20,20
21,21
22,22
23,23
24,24
25,25
26,26
27,27
28,28
29,29
30,30
31,31
32,32
9,33
34,34
35,35
36,36
37,37
38,38
39,39
40,40
41,41
42,42
43,43
44,44
45,45
46,46
47,47
48,48
49,49
50,50
51,51
52,52
53,53
54,54
55,55
56,56
57,57
58,58
41,59
0,0
1,1
2,2
3,3
4,4
5,5
6,6
7,7
8,8
9,9
10,10
9,11
12,12
13,13
14,14
16,15
16,16
17,17
18,18
19,19
20,20
9,21
22,22
23,23
24,24
25,25
26,26
27,27
28,28
29,29
30,30
31,31
32,32
33,33
34,34
35,35
36,36
37,37
38,38
39,39
40,40
41,41
42,42
43,43
47,44
45,45
46,46
47,47
48,48
49,49
50,50
51,51
52,52
53,53
54,54
55,55
56,56
57,57
58,58
59,59
0,0
1,1
2,2
3,3
4,4
5,5
49,6
7,7
8,8
33,9
10,10
11,11
12,12
13,13
14,14
15,15
23,16
17,17
18,18
19,19
20,20
48,21
22,22
41,23
24,24
25,25
26,26
27,27
28,28
29,29
54,30
31,31
32,32
33,33
34,34
35,35
27,36
37,37
38,38
39,39
40,40
41,41
42,42
17,43
44,44
45,45
46,46
47,47
48,48
49,49
50,50
51,51
54,52
53,53
54,54
55,55
56,56
57,57
58,58
59,59
0,0
1,1
2,2
3,3
4,4
5,5
6,6
7,7
8,8
9,9
10,10
11,11
12,12
13,13
14,14
16,15
16,16
17,17
18,18
19,19
20,20
9,21
22,22
23,23
24,24
25,25
26,26
27,27
28,28
29,29
30,30
31,31
32,32
33,33
34,34
35,35
36,36
37,37
38,38
39,39
40,40
41,41
42,42
43,43
44,44
45,45
46,46
47,47
48,48
49,49
50,50
51,51
52,52
53,53
54,54
55,55
56,56
57,57
58,58
59,59
0,0
1,1
2,2
3,3
4,4
5,5
6,6
7,7
8,8
9,9
29,10
11,11
12,12
13,13
14,14
15,15
23,16
17,17
18,18
19,19
20,20
21,21
22,22
23,23
24,24
25,25
26,26
27,27
28,28
29,29
30,30
31,31
32,32
9,33
34,34
35,35
36,36
37,37
38,38
39,39
40,40
41,41
42,42
43,43
44,44
45,45
46,46
47,47
48,48
49,49
50,50
51,51
52,52
53,53
54,54
55,55
56,56
57,57
58,58
59,59
0,0
0,1
2,2
3,3
4,4
34,5
6,6
7,7
8,8
9,9
10,10
11,11
12,12
13,13
14,14
15,15
16,16
17,17
18,18
19,19
20,20
48,21
22,22
23,23
24,24
25,25
26,26
27,27
28,28
29,29
30,30
31,31
32,32
33,33
34,34
35,35
36,36
37,37
38,38
39,39
40,40
41,41
42,42
43,43
40,44
45,45
46,46
47,47
48,48
49,49
50,50
51,51
52,52
53,53
54,54
55,55
56,56
57,57
59,59
0,0
1,1
2,2
3,3
4,4
5,5
6,6
7,7
8,8
9,9
10,10
29,11
12,12
13,13
14,14
16,15
16,16
17,17
18,18
19,19
20,20
21,21
22,22
23,23
24,24
25,25
26,26
27,27
28,28
29,29
30,30
31,31
32,32
33,33
34,34
35,35
36,36
37,37
38,38
39,39
40,40
41,41
42,42
1,43
45,44
45,45
0,46
47,47
48,48
49,49
50,50
51,51
52,52
53,53
54,54
55,55
56,56
57,57
58,58
59,59
0,0
1,1
2,2
3,3
4,4
5,5
6,6
7,7
8,8
9,9
10,10
28,11
13,12
13,13
14,14
15,15
15,16
17,17
18,18
19,19
20,20
21,21
22,22
8,23
24,24
25,25
26,26
27,27
28,28
29,29
30,30
31,31
32,32
33,33
34,34
35,35
35,36
12,37
17,38
39,39
40,40
41,41
42,42
43,43
44,44
45,45
46,46
47,47
48,48
49,49
50,50
51,51
52,52
53,53
54,54
55,55
56,56
57,57
58,58
59,59
0,0
10,1
2,2
48,3
4,4
5,5
6,6
42,7
8,8
33,9
10,10
29,11
12,12
13,13
14,14
16,15
16,16
17,17
18,18
19,19
20,20
21,21
22,22
23,23
24,24
25,25
26,26
27,27
28,28
29,29
30,30
31,31
32,32
33,33
34,34
35,35
3,36
37,37
38,38
39,39
20,40
41,41
42,42
17,43
44,44
45,45
46,46
15,47
48,48
49,49
50,50
51,51
52,52
53,53
54,54
55,55
56,56
57,57
58,59
0,0
1,1
2,2
3,3
4,4
5,5
6,6
7,7
8,8
9,9
10,10
11,11
13,12
13,13
14,14
15,15
16,16
17,17
18,18
19,19
20,20
21,21
22,22
23,23
24,24
25,25
26,26
2,27
28,28
30,29
30,30
31,31
32,32
33,33
34,34
35,35
36,36
37,37
38,38
39,39
40,40
41,41
42,42
43,43
44,44
45,45
46,46
47,47
48,48
49,49
50,50
51,51
52,52
53,53
54,54
55,55
56,56
57,57
58,58
59,59
0,0
1,1
2,2
3,3
4,4
5,5
6,6
7,7
8,8
33,9
1,10
29,11
12,12
13,13
14,14
16,15
16,16
17,17
18,18
19,19
20,20
21,21
22,22
23,23
24,24
25,25
26,26
27,27
28,28
29,29
30,30
31,31
32,32
33,33
34,34
35,35
36,36
37,37
38,38
39,39
40,40
41,41
42,42
17,43
40,44
45,45
46,46
15,47
48,48
49,49
50,50
51,51
52,52
53,53
54,54
55,55
56,56
57,57
58,58
59,59
0,0
3,1
0,2
3,3
4,4
5,5
6,6
7,7
8,8
9,9
10,10
10,11
12,12
13,13
14,14
15,15
10,16
17,17
18,18
19,19
20,20
21,21
22,22
23,23
24,24
25,25
26,26
27,27
28,28
11,29
30,30
19,31
39,32
12,33
34,34
35,35
36,36
37,37
17,38
39,39
20,40
41,41
42,42
39,43
44,44
45,45
46,46
47,47
22,48
49,49
50,50
51,51
52,52
53,53
54,54
55,55
56,56
57,57
58,58
59,59
0,0
1,1
2,2
3,3
4,4
5,5
6,6
41,7
8,8
9,9
11,10
11,11
12,12
13,13
14,14
15,15
16,16
17,17
18,18
19,19
20,20
21,21
22,22
23,23
24,24
25,25
26,26
27,27
28,28
29,29
30,30
31,31
32,32
33,33
7,34
35,35
36,36
37,37
38,38
39,39
40,40
41,41
42,42
43,43
44,44
45,45
46,46
47,47
48,48
49,49
50,50
51,51
52,52
53,53
54,54
55,55
56,56
57,57
58,58
59,59
1,0
1,1
2,2
43,3
4,4
5,5
6,6
7,7
8,8
9,9
10,10
29,11
12,12
13,13
14,14
15,15
16,16
17,17
18,18
19,19
20,20
21,21
22,22
23,23
24,24
25,25
26,26
27,27
28,28
11,29
30,30
31,31
32,32
33,33
34,34
35,35
3,36
37,37
38,38
39,39
40,40
41,41
42,42
43,43
44,44
45,45
46,46
47,47
48,48
49,49
50,50
51,51
52,52
53,53
54,54
55,55
56,56
57,57
58,58
59,59
0,0
1,1
2,2
3,3
4,4
5,5
6,6
41,7
8,8
38,9
10,10
11,11
12,12
13,13
14,14
15,15
16,16
17,17
18,18
19,19
20,20
21,21
22,22
23,23
24,24
25,25
26,26
27,27
28,28
29,29
30,30
31,31
37,32
33,33
34,34
35,35
36,36
37,37
38,38
39,39
40,40
41,41
42,42
48,43
44,44
45,45
46,46
47,47
48,48
49,49
50,50
51,51
52,52
53,53
54,54
55,55
56,56
57,57
58,58
59,59
1,0
1,1
2,2
3,3
4,4
5,5
6,6
7,7
8,8
28,9
10,10
11,11
12,12
13,13
14,14
15,15
16,16
17,17
18,18
19,19
20,20
48,21
22,22
23,23
24,24
25,25
26,26
27,27
11,28
11,29
30,30
31,31
32,32
33,33
34,34
35,35
36,36
37,37
38,38
39,39
40,40
41,41
42,42
43,43
44,44
45,45
46,46
47,47
48,48
49,49
50,50
51,51
52,52
53,53
54,54
55,55
56,56
57,57
58,58
59,59
0,0
1,1
2,2
3,3
42,4
5,5
23,6
41,7
8,8
33,9
10,10
11,11
12,12
13,13
14,14
15,15
16,16
17,17
18,18
19,19
20,20
21,21
22,22
23,23
24,24
25,25
26,26
27,27
28,28
11,29
30,30
31,31
32,32
33,33
7,34
35,35
36,36
37,37
38,38
39,39
40,40
41,41
42,42
43,43
44,44
45,45
46,46
47,47
48,48
56,49
50,50
51,51
53,52
57,53
54,54
55,55
56,56
56,57
58,58
59,59
0,0
1,1
2,2
3,3
4,4
5,5
21,6
7,7
8,8
33,9
10,10
11,11
12,12
13,13
14,14
15,15
16,16
17,17
18,18
19,19
20,20
21,21
22,22
23,23
24,24
25,25
26,26
27,27
28,28
11,29
30,30
31,31
37,32
33,33
34,34
35,35
36,36
37,37
38,38
39,39
40,40
41,41
42,42
43,43
44,44
45,45
46,46
47,47
48,48
49,49
50,50
51,51
52,52
53,53
54,54
55,55
56,56
57,57
58,58
59,59
0,0
1,1
2,2
3,3
4,4
5,5
6,6
7,7
8,8
9,9
10,10
29,11
12,12
13,13
14,14
15,15
23,16
17,17
18,18
19,19
20,20
21,21
22,22
23,23
24,24
25,25
26,26
27,27
28,28
29,29
30,30
31,31
32,32
33,33
34,34
35,35
43,36
37,37
38,38
39,39
40,40
41,41
42,42
43,43
44,44
45,45
46,46
47,47
48,48
49,49
50,50
49,51
52,52
53,53
54,54
55,55
56,56
57,57
58,58
59,59
0,0
1,1
2,2
3,3
4,4
5,5
6,6
7,7
8,8
9,9
10,10
29,11
12,12
13,13
14,14
25,15
16,16
17,17
18,18
19,19
20,20
21,21
22,22
23,23
24,24
25,25
26,26
27,27
28,28
29,29
30,30
31,31
32,32
33,33
34,34
35,35
36,36
37,37
38,38
39,39
40,40
41,41
42,42
43,43
44,44
45,45
46,46
47,47
48,48
49,49
50,50
51,51
52,52
53,53
54,54
55,55
50,56
57,57
58,58
59,59
0,0
1,1
37,2
3,3
4,4
5,5
13,6
7,7
8,8
9,9
10,10
11,11
13,13
14,14
16,15
23,16
17,17
18,18
19,19
20,20
21,21
22,22
23,23
24,24
25,25
26,26
27,27
10,28
29,29
30,30
31,31
37,32
33,33
34,34
35,35
36,36
37,37
38,38
39,39
40,40
41,41
42,42
43,43
44,44
45,45
46,46
47,47
48,48
49,49
50,50
51,51
52,52
53,53
54,54
56,55
56,56
57,57
58,58
59,59
0,0
1,1
2,2
3,3
4,4
5,5
6,6
7,7
8,8
9,9
10,10
29,11
12,12
13,13
14,14
25,15
16,16
17,17
18,18
19,19
20,20
21,21
22,22
23,23
24,24
25,25
26,26
27,27
10,28
29,29
30,30
31,31
32,32
33,33
34,34
35,35
36,36
37,37
38,38
39,39
40,40
41,41
42,42
43,43
44,44
45,45
46,46
47,47
48,48
49,49
50,50
51,51
52,52
53,53
54,54
55,55
56,56
57,57
58,58
59,59
0,0
1,1
2,2
3,3
4,4
5,5
6,6
7,7
8,8
9,9
10,10
11,11
12,12
13,13
14,14
15,15
16,16
17,17
18,18
19,19
20,20
21,21
22,22
23,23
24,24
25,25
26,26
27,27
28,28
11,29
30,30
31,31
32,32
33,33
34,34
35,35
36,36
37,37
38,38
39,39
40,40
41,41
42,42
43,43
44,44
45,45
0,46
47,47
48,48
49,49
50,50
49,51
52,52
53,53
54,54
55,55
56,56
57,57
58,58
59,59
0,0
1,1
0,2
3,3
4,4
5,5
6,6
7,7
8,8
9,9
10,10
11,11
13,13
14,14
41,15
16,16
17,17
18,18
19,19
20,20
21,21
22,22
23,23
24,24
25,25
26,26
27,27
10,28
11,29
30,30
31,31
32,32
33,33
34,34
35,35
2,36
37,37
38,38
39,39
43,40
41,41
42,42
0,43
44,44
44,45
46,46
47,47
48,48
49,49
50,50
51,51
50,52
53,53
54,54
55,55
50,56
57,57
58,58
59,59
0,0
1,1
2,2
3,3
4,4
5,5
6,6
7,7
8,8
9,9
29,10
29,11
12,12
13,13
14,14
15,15
16,16
17,17
18,18
19,19
20,20
21,21
22,22
23,23
3,24
23,25
26,26
27,27
28,28
28,29
30,30
31,31
32,32
9,33
34,34
35,35
36,36
37,37
38,38
31,39
40,40
41,41
42,42
43,43
47,44
45,45
46,46
40,47
48,48
49,49
50,50
51,51
52,52
53,53
54,54
55,55
56,56
57,57
58,58
59,59
1,0
1,1
2,2
3,3
4,4
5,5
6,6
7,7
8,8
9,9
28,10
29,11
12,12
13,13
14,14
15,15
16,16
17,17
18,18
19,19
20,20
21,21
22,22
23,23
24,24
25,25
26,26
27,27
29,28
29,29
30,30
31,31
32,32
33,33
34,34
35,35
36,36
37,37
38,38
39,39
40,40
41,41
42,42
43,43
44,44
45,45
46,46
40,47
48,48
49,49
50,50
51,51
52,52
53,53
54,54
55,55
56,56
57,57
58,58
59,59
0,0
18,1
2,2
3,3
27,4
5,5
6,6
7,7
8,8
9,9
29,10
29,11
12,12
13,13
14,14
15,15
16,16
17,17
18,18
19,19
20,20
21,21
22,22
23,23
27,24
23,25
26,26
27,27
29,28
29,29
30,30
31,31
1,32
9,33
34,34
35,35
3,36
37,37
38,38
31,39
40,40
41,41
42,42
43,43
15,44
45,45
46,46
47,47
48,48
49,49
50,50
51,51
28,52
53,53
54,54
55,55
56,56
57,57
58,58
59,59
0,0
1,1
2,2
3,3
4,4
5,5
6,6
7,7
8,8
9,9
28,10
28,11
12,12
13,13
14,14
15,15
16,16
17,17
18,18
19,19
20,20
21,21
22,22
23,23
24,24
25,25
26,26
27,27
28,28
29,29
30,30
31,31
32,32
33,33
34,34
35,35
36,36
37,37
38,38
39,39
40,40
41,41
41,42
43,43
44,44
45,45
46,46
47,47
48,48
49,49
50,50
51,51
52,52
53,53
54,54
55,55
56,56
57,57
58,58
59,59
0,0
1,1
2,2
3,3
4,4
5,5
6,6
7,7
8,8
33,9
29,10
43,11
12,12
13,13
14,14
15,15
16,16
17,17
18,18
19,19
20,20
21,21
22,22
23,23
29,24
23,25
26,26
27,27
28,28
29,29
30,30
31,31
1,32
33,33
34,34
35,35
36,36
37,37
38,38
31,39
40,40
41,41
42,42
43,43
47,44
45,45
2,46
47,47
22,48
49,49
50,50
51,51
52,52
53,53
54,54
55,55
56,56
57,57
58,58
59,59
0,0
1,1
2,2
3,3
4,4
5,5
6,6
7,7
8,8
11,10
29,11
33,12
13,13
14,14
15,15
16,16
17,17
18,18
19,19
20,20
21,21
22,22
23,23
24,24
25,25
26,26
27,27
28,28
28,29
30,30
31,31
32,32
33,33
34,34
35,35
36,36
37,37
38,38
39,39
40,40
41,41
42,42
43,43
44,44
45,45
46,46
40,47
48,48
49,49
50,50
49,51
52,52
53,53
54,54
55,55
52,56
57,57
58,58
59,59
0,0
17,1
2,2
3,3
4,4
5,5
6,6
7,7
8,8
9,9
10,10
11,11
12,12
13,13
14,14
15,15
16,16
17,17
18,18
19,19
20,20
21,21
22,22
23,23
24,24
25,25
26,26
27,27
28,28
29,29
30,30
31,31
32,32
33,33
34,34
35,35
18,36
37,37
38,38
39,39
1,40
41,41
42,42
2,43
16,44
45,45
46,46
47,47
22,48
49,49
50,50
51,51
52,52
53,53
54,54
55,55
56,56
57,57
58,58
59,59
0,0
27,1
2,2
3,3
4,4
5,5
6,6
7,7
8,8
9,9
10,10
29,11
12,12
13,13
14,14
15,15
16,16
17,17
18,18
19,19
20,20
21,21
22,22
23,23
24,24
25,25
26,26
27,27
28,28
29,29
30,30
31,31
32,32
33,33
34,34
35,35
36,36
37,37
28,38
39,39
40,40
41,41
42,42
43,43
44,44
45,45
46,46
47,47
48,48
49,49
50,50
51,51
52,52
53,53
54,54
55,55
56,56
57,57
58,58
59,59
17,0
1,1
17,2
3,3
4,4
5,5
6,6
7,7
8,8
9,9
10,10
10,11
12,12
13,13
14,14
1,17
18,18
19,19
20,20
21,21
22,22
23,23
24,24
25,25
26,26
27,27
28,28
11,29
30,30
31,31
10,32
33,33
34,34
35,35
36,36
37,37
28,38
39,39
40,40
41,41
42,42
2,43
16,44
45,45
19,46
49,49
30,50
51,51
4,52
45,53
54,54
55,55
56,56
57,57
58,58
59,59
0,0
2,1
2,2
3,3
4,4
5,5
6,6
7,7
8,8
9,9
10,10
11,11
12,12
13,13
14,14
15,15
16,16
17,17
18,18
19,19
20,20
21,21
22,22
23,23
24,24
25,25
26,26
27,27
28,28
29,29
30,30
31,31
32,32
33,33
34,34
35,35
36,36
37,37
9,38
39,39
40,40
41,41
42,42
43,43
44,44
45,45
46,46
47,47
48,48
49,49
50,50
51,51
52,52
53,53
54,54
55,55
56,56
57,57
58,58
59,59
0,0
1,1
2,2
3,3
4,4
5,5
6,6
7,7
8,8
9,9
10,10
11,11
12,12
13,13
14,14
15,15
16,16
17,17
18,18
19,19
20,20
21,21
22,22
23,23
24,24
25,25
26,26
27,27
28,28
29,29
30,30
31,31
32,32
33,33
34,34
35,35
36,36
37,37
38,38
39,39
40,40
41,41
42,42
2,43
44,44
45,45
46,46
47,47
48,48
49,49
50,50
51,51
52,52
53,53
54,54
55,55
52,56
57,57
58,58
59,59
0,0
27,1
2,2
3,3
4,4
5,5
6,6
7,7
8,8
9,9
29,10
29,11
12,12
13,13
14,14
15,15
15,16
17,17
18,18
19,19
20,20
21,21
22,22
23,23
24,24
25,25
26,26
27,27
28,28
29,29
30,30
31,31
32,32
33,33
34,34
35,35
36,36
37,37
38,38
39,39
40,40
58,41
42,42
4,43
44,44
2,45
35,46
47,47
2,48
49,49
50,50
51,51
52,52
53,53
54,54
55,55
56,56
57,57
58,58
59,59
3,0
33,1
10,2
48,3
4,4
5,5
6,6
7,7
8,8
9,9
11,10
28,11
12,12
13,13
14,14
15,15
16,16
17,17
18,18
19,19
20,20
22,21
48,22
23,23
24,24
25,25
26,26
27,27
28,28
10,29
15,30
31,31
10,32
33,33
16,34
35,35
36,36
37,37
37,38
39,39
36,40
41,41
42,42
36,43
24,44
45,45
43,46
47,47
48,48
57,49
50,50
51,51
51,52
55,53
54,54
55,55
56,56
57,57
58,58
59,59
27,0
10,1
2,2
36,3
46,4
16,5
6,6
7,7
8,8
31,9
10,10
11,11
10,12
13,13
14,14
15,15
16,16
17,17
18,18
19,19
20,20
21,21
22,22
23,23
24,24
25,25
26,26
27,27
28,28
29,29
30,30
31,31
32,32
33,33
34,34
35,35
36,36
37,37
38,38
39,39
40,40
41,41
42,42
43,43
44,44
45,45
46,46
47,47
48,48
49,49
50,50
51,51
52,52
49,53
54,54
53,55
56,56
57,57
58,58
59,59
0,0
10,1
3,2
48,3
4,4
5,5
6,6
7,7
8,8
28,9
10,10
11,11
12,12
13,13
14,14
15,15
16,16
17,17
18,18
19,19
20,20
21,21
48,22
23,23
24,24
25,25
26,26
27,27
28,28
29,29
10,30
9,31
32,32
9,33
34,34
35,35
36,36
48,37
9,38
9,39
36,40
41,41
42,42
36,43
44,44
45,45
43,46
47,47
48,48
49,49
50,50
51,51
52,52
55,53
54,54
55,55
56,56
57,57
58,58
59,59
36,0
10,1
2,2
48,3
12,4
5,5
6,6
7,7
8,8
10,9
11,10
11,11
10,12
13,13
14,14
15,15
16,16
17,17
18,18
19,19
20,20
21,21
22,22
23,23
24,24
25,25
26,26
27,27
28,28
30,30
30,31
32,32
33,33
34,34
35,35
36,36
37,37
38,38
39,39
40,40
41,41
42,42
43,43
44,44
45,45
46,46
47,47
48,48
49,49
50,50
51,51
52,52
49,53
54,54
55,55
56,56
57,57
58,58
59,59
0,0
48,1
2,2
48,3
10,4
5,5
6,6
7,7
8,8
28,9
11,10
11,11
12,12
13,13
14,14
15,15
16,16
17,17
18,18
19,19
20,20
22,21
22,22
23,23
24,24
25,25
26,26
10,27
10,28
9,29
30,30
31,31
32,32
33,33
34,34
35,35
36,36
37,37
38,38
39,39
40,40
41,41
42,42
43,43
44,44
45,45
46,46
47,47
48,48
49,49
50,50
51,51
52,52
55,53
54,54
55,55
56,56
57,57
58,58
59,59
0,0
1,1
2,2
36,3
12,4
5,5
7,7
8,8
9,9
11,11
12,12
13,13
14,14
15,15
16,16
17,17
18,18
19,19
20,20
21,21
22,22
23,23
24,24
25,25
26,26
27,27
28,28
29,29
30,30
31,31
32,32
33,33
34,34
35,35
36,36
37,37
38,38
39,39
40,40
41,41
42,42
43,43
44,44
45,45
46,46
47,47
48,48
49,49
50,50
49,51
52,52
49,53
54,54
55,55
56,56
57,57
58,58
59,59
0,0
1,1
2,2
3,3
4,4
5,5
6,6
7,7
8,8
9,9
10,10
11,11
12,12
13,13
14,14
15,15
16,16
17,17
18,18
19,19
20,20
21,21
22,22
23,23
24,24
25,25
26,26
17,27
11,28
29,29
30,30
31,31
32,32
33,33
34,34
35,35
36,36
37,37
38,38
39,39
40,40
41,41
42,42
43,43
44,44
45,45
46,46
47,47
48,48
49,49
50,50
51,51
56,52
53,53
54,54
55,55
56,56
57,57
58,58
59,59
0,0
0,1
2,2
3,3
4,4
5,5
6,6
7,7
8,8
36,9
10,10
29,11
12,12
13,13
14,14
15,15
16,16
17,17
18,18
19,19
20,20
21,21
22,22
23,23
24,24
25,25
26,26
27,27
28,28
29,29
30,30
31,31
32,32
33,33
34,34
35,35
36,36
37,37
38,38
39,39
40,40
41,41
42,42
43,43
47,44
44,45
46,46
47,47
48,48
30,49
50,50
51,51
55,52
53,53
54,54
55,55
56,56
57,57
58,58
59,59
0,0
1,1
2,2
3,3
4,4
5,5
6,6
7,7
8,8
11,9
10,10
11,11
12,12
13,13
14,14
15,15
16,16
17,17
18,18
19,19
20,20
21,21
22,22
23,23
24,24
25,25
26,26
27,27
28,28
29,29
30,30
31,31
32,32
33,33
34,34
35,35
36,36
37,37
38,38
39,39
40,40
41,41
42,42
43,43
16,44
45,45
46,46
47,47
48,48
49,49
50,50
51,51
55,52
53,53
54,54
55,55
56,56
57,57
58,58
59,59
0,0
0,1
2,2
3,3
4,4
5,5
6,6
7,7
8,8
9,9
10,10
36,11
12,12
13,13
14,14
16,15
16,16
17,17
18,18
19,19
20,20
21,21
22,22
23,23
24,24
25,25
26,26
27,27
28,28
29,29
30,30
31,31
32,32
33,33
34,34
35,35
36,36
37,37
38,38
39,39
40,40
41,41
42,42
43,43
44,44
45,45
36,46
47,47
48,48
49,49
50,50
51,51
56,52
53,53
54,54
55,55
56,56
57,57
58,58
59,59
0,0
1,1
2,2
3,3
4,4
5,5
6,6
7,7
8,8
29,9
10,10
28,11
12,12
13,13
14,14
16,15
16,16
17,17
18,18
19,19
20,20
21,21
22,22
23,23
24,24
25,25
26,26
27,27
28,28
29,29
30,30
31,31
32,32
33,33
34,34
35,35
36,36
37,37
38,38
39,39
40,40
41,41
42,42
43,43
44,44
45,45
46,46
47,47
48,48
49,49
50,50
51,51
56,52
53,53
54,54
55,55
56,56
57,57
58,58
59,59
0,0
0,1
2,2
36,3
4,4
5,5
6,6
7,7
8,8
17,9
10,10
11,11
12,12
13,13
14,14
15,15
16,16
36,17
18,18
19,19
20,20
21,21
22,22
23,23
24,24
25,25
26,26
27,27
28,28
29,29
30,30
31,31
32,32
33,33
34,34
35,35
36,36
37,37
38,38
39,39
40,40
41,41
42,42
43,43
44,44
40,45
36,46
47,47
48,48
49,49
49,50
51,51
56,52
48,53
54,54
55,55
56,56
57,57
58,58
59,59
0,0
1,1
2,2
3,3
4,4
5,5
22,6
7,7
8,8
9,9
28,10
11,11
12,12
13,13
14,14
16,15
16,16
17,17
18,18
19,19
20,20
21,21
22,22
23,23
24,24
25,25
26,26
27,27
28,28
29,29
30,30
31,31
32,32
33,33
34,34
35,35
36,36
37,37
38,38
39,39
40,40
41,41
42,42
43,43
44,44
45,45
46,46
47,47
48,48
49,49
50,50
51,51
52,52
53,53
54,54
55,55
56,56
57,57
58,58
59,59
43,0
1,1
2,2
3,3
56,4
5,5
6,6
7,7
8,8
9,9
10,10
11,11
12,12
13,13
14,14
16,15
16,16
17,17
18,18
19,19
20,20
21,21
22,22
23,23
24,24
25,25
26,26
27,27
28,28
29,29
30,30
31,31
32,32
33,33
34,34
35,35
36,36
37,37
38,38
39,39
40,40
41,41
16,42
43,43
44,44
45,45
3,46
47,47
48,48
49,49
50,50
51,51
52,52
53,53
54,54
57,55
56,56
57,57
58,58
59,59
0,0
1,1
23,4
5,5
30,6
7,7
8,8
9,9
28,10
12,12
13,13
14,14
15,15
16,16
28,17
3,18
21,21
22,22
23,23
24,24
25,25
26,26
27,27
28,28
29,29
30,30
31,31
32,32
9,33
34,34
36,36
37,37
38,38
39,39
40,40
41,41
42,42
43,43
44,44
45,45
46,46
47,47
48,48
49,49
50,50
51,51
52,52
53,53
54,54
55,55
56,56
57,57
58,58
59,59
0,0
17,1
2,2
3,3
45,4
5,5
6,6
7,7
8,8
9,9
10,10
11,11
12,12
13,13
14,14
16,15
16,16
17,17
18,18
19,19
20,20
21,21
22,22
23,23
24,24
25,25
26,26
27,27
28,28
11,29
30,30
31,31
32,32
33,33
34,34
35,35
36,36
37,37
39,38
39,39
40,40
41,41
15,42
43,43
44,44
45,45
46,46
47,47
48,48
49,49
50,50
51,51
52,52
53,53
54,54
57,55
56,56
57,57
58,58
59,59
0,0
1,1
2,2
3,3
4,4
5,5
6,6
7,7
8,8
9,9
10,10
11,11
12,12
13,13
14,14
15,15
16,16
17,17
18,18
19,19
20,20
21,21
22,22
23,23
24,24
25,25
26,26
27,27
28,28
29,29
30,30
31,31
32,32
33,33
34,34
35,35
36,36
37,37
38,38
39,39
40,40
41,41
15,42
43,43
44,44
45,45
46,46
47,47
48,48
49,49
50,50
51,51
52,52
53,53
54,54
55,55
56,56
57,57
58,58
59,59
0,0
27,1
2,2
36,3
23,4
5,5
6,6
7,7
8,8
9,9
10,10
11,11
12,12
13,13
14,14
16,15
16,16
17,17
18,18
19,19
20,20
21,21
22,22
23,23
24,24
25,25
26,26
27,27
28,28
29,29
30,30
31,31
32,32
38,33
34,34
35,35
36,36
37,37
38,38
39,39
40,40
41,41
42,42
36,43
44,44
45,45
46,46
47,47
2,48
49,49
50,50
51,51
52,52
53,53
54,54
57,55
56,56
57,57
58,58
59,59
0,0
1,1
2,2
3,3
4,4
5,5
6,6
7,7
8,8
9,9
10,10
10,11
12,12
13,13
14,14
15,15
16,16
17,17
18,18
19,19
20,20
21,21
22,22
23,23
24,24
25,25
26,26
27,27
28,28
29,29
30,30
31,31
32,32
33,33
34,34
35,35
36,36
37,37
38,38
39,39
40,40
41,41
42,42
43,43
44,44
45,45
46,46
47,47
48,48
49,49
50,50
51,51
52,52
53,53
54,54
55,55
56,56
57,57
58,58
59,59
0,0
40,1
2,2
3,3
4,4
5,5
6,6
7,7
8,8
9,9
29,10
11,11
12,12
13,13
14,14
15,15
15,16
17,17
18,18
19,19
20,20
21,21
22,22
23,23
44,24
25,25
26,26
27,27
28,28
29,29
30,30
31,31
32,32
33,33
34,34
35,35
36,36
37,37
38,38
39,39
40,40
41,41
42,42
43,43
44,44
44,45
46,46
47,47
48,48
49,49
50,50
49,51
52,52
53,53
54,54
55,55
56,56
57,57
58,58
59,59
0,0
1,1
2,2
3,3
4,4
5,5
6,6
7,7
8,8
38,9
10,10
10,11
12,12
13,13
14,14
15,15
16,16
17,17
18,18
19,19
20,20
21,21
2,22
23,23
24,24
25,25
26,26
27,27
29,28
29,29
30,30
31,31
39,32
33,33
34,34
35,35
36,36
37,37
38,38
38,39
40,40
41,41
42,42
43,43
44,44
45,45
46,46
47,47
48,48
49,49
50,50
51,51
52,52
53,53
54,54
56,55
56,56
57,57
58,58
59,59
0,0
1,1
2,2
3,3
4,4
5,5
6,6
7,7
8,8
9,9
10,10
29,11
12,12
13,13
14,14
15,15
15,16
17,17
18,18
19,19
20,20
21,21
22,22
23,23
24,24
25,25
26,26
27,27
28,28
29,29
30,30
31,31
32,32
33,33
34,34
35,35
36,36
37,37
38,38
39,39
40,40
16,41
42,42
43,43
44,44
45,45
46,46
47,47
48,48
49,49
50,50
51,51
52,52
53,53
54,54
55,55
56,56
57,57
58,58
59,59
0,0
1,1
2,2
3,3
4,4
5,5
6,6
7,7
8,8
9,9
10,10
11,11
12,12
13,13
14,14
15,15
16,16
17,17
18,18
19,19
20,20
21,21
22,22
23,23
24,24
25,25
26,26
1,27
29,28
29,29
30,30
31,31
32,32
33,33
34,34
35,35
36,36
37,37
38,38
38,39
47,40
41,41
42,42
43,43
44,44
45,45
43,46
47,47
48,48
49,49
50,50
51,51
52,52
53,53
54,54
55,55
56,56
57,57
59,59
1,0
1,1
2,2
3,3
4,4
5,5
6,6
7,7
8,8
9,9
10,10
11,11
12,12
13,13
14,14
15,15
15,16
17,17
18,18
19,19
20,20
21,21
22,22
23,23
43,24
25,25
26,26
27,27
28,28
29,29
30,30
31,31
38,32
38,33
34,34
46,35
36,36
37,37
38,38
38,39
40,40
41,41
42,42
43,43
44,44
44,45
35,46
47,47
48,48
49,49
50,50
51,51
52,52
53,53
54,54
55,55
56,56
57,57
58,58
59,59
43,0
1,1
2,2
3,3
12,4
5,5
6,6
7,7
8,8
9,9
11,10
28,11
12,12
13,13
14,14
16,15
16,16
17,17
18,18
19,19
20,20
21,21
22,22
23,23
24,24
25,25
26,26
27,27
11,28
29,29
30,30
31,31
32,32
33,33
34,34
35,35
36,36
37,37
38,38
39,39
40,40
41,41
42,42
37,43
44,44
45,45
46,46
47,47
48,48
49,49
50,50
51,51
52,52
53,53
54,54
55,55
56,56
55,57
58,58
59,59
0,0
1,1
15,2
3,3
4,4
5,5
6,6
7,7
8,8
9,9
11,10
11,11
12,12
13,13
14,14
15,15
16,16
3,17
20,18
19,19
20,20
21,21
22,22
23,23
24,24
25,25
26,26
27,27
28,28
29,29
30,30
31,31
32,32
33,33
34,34
35,35
36,36
37,37
38,38
39,39
40,40
41,41
42,42
43,43
44,44
45,45
46,46
47,47
48,48
49,49
50,50
51,51
52,52
53,53
54,54
55,55
52,56
57,57
58,58
59,59
43,0
2,1
2,2
3,3
28,4
5,5
6,6
7,7
8,8
9,9
10,10
11,11
12,12
13,13
14,14
16,15
16,16
17,17
18,18
19,19
20,20
21,21
22,22
23,23
24,24
25,25
26,26
27,27
11,28
29,29
30,30
31,31
39,32
33,33
34,34
35,35
36,36
37,37
38,38
39,39
40,40
41,41
42,42
43,43
44,44
45,45
46,46
47,47
48,48
49,49
50,50
51,51
52,52
53,53
54,54
55,55
56,56
57,57
58,58
59,59
0,0
1,1
43,2
3,3
4,4
5,5
6,6
7,7
8,8
9,9
29,10
11,11
12,12
13,13
14,14
15,15
16,16
3,17
18,18
19,19
20,20
21,21
22,22
23,23
24,24
25,25
26,26
27,27
28,28
29,29
30,30
31,31
32,32
33,33
34,34
35,35
36,36
37,37
38,38
39,39
40,40
41,41
42,42
43,43
44,44
45,45
46,46
47,47
48,48
49,49
50,50
51,51
52,52
53,53
54,54
55,55
56,56
57,57
58,58
59,59
43,0
1,1
2,2
3,3
12,4
5,5
6,6
7,7
8,8
9,9
28,10
11,11
12,12
13,13
14,14
15,15
15,16
17,17
18,18
19,19
20,20
21,21
22,22
23,23
24,24
25,25
26,26
27,27
28,28
29,29
30,30
12,31
32,32
33,33
34,34
35,35
36,36
37,37
38,38
39,39
40,40
41,41
42,42
43,43
44,44
24,45
46,46
47,47
48,48
49,49
50,50
51,51
52,52
53,53
54,54
55,55
56,56
55,57
58,58
59,59
0,0
1,1
40,2
3,3
4,4
5,5
6,6
7,7
8,8
9,9
29,10
11,11
12,12
13,13
14,14
15,15
16,16
46,17
18,18
19,19
20,20
21,21
22,22
23,23
24,24
25,25
26,26
27,27
28,28
29,29
30,30
31,31
32,32
33,33
34,34
35,35
36,36
37,37
38,38
39,39
40,40
41,41
42,42
37,43
44,44
45,45
46,46
47,47
48,48
49,49
50,50
51,51
52,52
53,53
54,54
55,55
57,57
58,58
58,59
0,0
1,1
43,2
3,3
10,4
5,5
6,6
7,7
8,8
9,9
28,10
29,11
12,12
13,13
14,14
15,15
16,16
17,17
18,18
19,19
20,20
21,21
22,22
23,23
24,24
25,25
26,26
43,27
33,28
28,29
30,30
31,31
32,32
33,33
34,34
35,35
36,36
37,37
38,38
39,39
40,40
41,41
42,42
43,43
44,44
45,45
46,46
47,47
48,48
49,49
50,50
51,51
52,52
53,53
54,54
55,55
56,56
57,57
58,58
59,59
0,0
1,1
43,2
3,3
4,4
5,5
6,6
7,7
8,8
9,9
11,10
11,11
12,12
13,13
14,14
15,15
16,16
17,17
18,18
19,19
20,20
21,21
22,22
23,23
24,24
25,25
26,26
27,27
28,28
35,29
30,30
31,31
32,32
33,33
34,34
35,35
36,36
37,37
38,38
39,39
40,40
41,41
42,42
43,43
44,44
45,45
46,46
47,47
48,48
49,49
50,50
51,51
52,52
53,53
54,54
55,55
56,56
57,57
58,58
59,59
0,0
17,1
43,2
3,3
11,4
5,5
6,6
7,7
8,8
9,9
11,10
29,11
12,12
13,13
14,14
15,15
16,16
18,17
18,18
19,19
20,20
21,21
22,22
23,23
24,24
25,25
26,26
36,27
28,28
29,29
30,30
31,31
39,32
33,33
34,34
35,35
36,36
37,37
38,38
39,39
43,40
41,41
42,42
43,43
44,44
45,45
46,46
47,47
48,48
53,49
54,50
51,51
52,52
53,53
54,54
55,55
56,56
57,57
58,58
59,59
0,0
1,1
43,2
3,3
4,4
5,5
6,6
7,7
8,8
9,9
10,10
11,11
12,12
13,13
14,14
15,15
16,16
17,17
18,18
19,19
20,20
21,21
22,22
23,23
24,24
25,25
26,26
27,27
28,28
29,29
30,30
31,31
32,32
33,33
34,34
35,35
36,36
37,37
38,38
39,39
40,40
41,41
42,42
43,43
44,44
45,45
46,46
44,47
48,48
49,49
50,50
51,51
52,52
53,53
54,54
55,55
56,56
57,57
58,58
59,59
0,0
1,1
43,2
3,3
4,4
5,5
6,6
7,7
8,8
9,9
10,10
11,11
12,12
13,13
14,14
15,15
16,16
17,17
18,18
19,19
20,20
21,21
22,22
23,23
24,24
25,25
26,26
27,27
28,28
28,29
31,30
31,31
32,32
33,33
34,34
35,35
36,36
37,37
38,38
39,39
40,40
41,41
42,42
43,43
44,44
45,45
46,46
47,47
48,48
49,49
50,50
51,51
52,52
53,53
54,54
55,55
56,56
57,57
58,58
59,59
0,0
24,1
43,2
43,3
4,4
5,5
6,6
7,7
8,8
9,9
10,10
11,11
12,12
13,13
14,14
15,15
16,16
17,17
18,18
19,19
20,20
21,21
22,22
23,23
2,24
25,25
26,26
27,27
11,28
29,29
30,30
31,31
32,32
33,33
34,34
35,35
36,36
45,37
38,38
39,39
40,40
41,41
42,42
3,43
44,44
45,45
46,46
44,47
48,48
49,49
49,50
51,51
52,52
53,53
54,54
55,55
56,56
57,57
58,58
59,59
0,0
1,1
43,2
2,3
4,4
34,5
6,6
7,7
8,8
9,9
10,10
11,11
12,12
13,13
14,14
15,15
16,16
17,17
18,18
19,19
20,20
48,21
22,22
23,23
24,24
25,25
26,26
27,27
11,28
11,29
30,30
31,31
32,32
33,33
34,34
35,35
36,36
37,37
38,38
39,39
47,40
41,41
42,42
43,43
44,44
45,45
46,46
34,47
48,48
49,49
50,50
51,51
52,52
53,53
54,54
55,55
56,56
57,57
58,58
58,59
43,0
1,1
43,2
3,3
10,4
5,5
6,6
7,7
8,8
9,9
11,10
11,11
12,12
13,13
14,14
16,15
15,16
17,17
18,18
19,19
20,20
21,21
22,22
23,23
24,24
25,25
26,26
27,27
11,28
11,29
30,30
31,31
32,32
33,33
34,34
35,35
36,36
37,37
38,38
39,39
47,40
41,41
42,42
43,43
44,44
45,45
46,46
47,47
48,48
49,49
50,50
51,51
52,52
53,53
54,54
55,55
56,56
57,57
58,58
59,59
0,0
16,1
46,2
3,3
4,4
5,5
6,6
7,7
8,8
9,9
10,10
11,11
12,12
13,13
14,14
15,15
15,16
17,17
18,18
19,19
20,20
48,21
22,22
23,23
24,24
25,25
26,26
27,27
29,28
29,29
30,30
31,31
32,32
33,33
34,34
35,35
36,36
37,37
38,38
39,39
47,40
41,41
42,42
43,43
44,44
45,45
46,46
47,47
48,48
49,49
50,50
51,51
52,52
53,53
54,54
55,55
56,56
57,57
58,58
59,59
0,0
1,1
43,2
3,3
4,4
5,5
6,6
7,7
8,8
9,9
10,10
11,11
12,12
13,13
14,14
15,15
16,16
17,17
18,18
19,19
20,20
21,21
22,22
23,23
24,24
25,25
26,26
27,27
28,28
29,29
30,30
31,31
32,32
33,33
47,34
35,35
36,36
37,37
38,38
39,39
47,40
41,41
42,42
43,43
44,44
45,45
46,46
47,47
48,48
49,49
50,50
51,51
52,52
53,53
54,54
55,55
56,56
57,57
58,58
59,59
0,0
1,1
17,2
3,3
4,4
5,5
6,6
7,7
8,8
9,9
11,10
11,11
12,12
13,13
14,14
15,15
16,16
17,17
18,18
19,19
20,20
21,21
22,22
23,23
24,24
25,25
26,26
27,27
29,28
29,29
30,30
31,31
32,32
33,33
34,34
35,35
36,36
37,37
38,38
39,39
47,40
41,41
42,42
43,43
44,44
45,45
46,46
47,47
48,48
49,49
50,50
51,51
52,52
53,53
54,54
55,55
56,56
57,57
58,58
59,59
43,0
1,1
43,2
3,3
29,4
5,5
6,6
7,7
8,8
9,9
10,10
29,11
12,12
14,13
14,14
15,15
15,16
17,17
18,18
19,19
20,20
21,21
22,22
23,23
24,24
25,25
26,26
27,27
28,28
29,29
30,30
31,31
32,32
33,33
34,34
35,35
36,36
37,37
38,38
39,39
47,40
41,41
42,42
43,43
44,44
45,45
40,46
47,47
48,48
49,49
50,50
51,51
53,52
53,53
54,54
55,55
56,56
57,57
58,58
59,59
0,0
1,1
2,2
3,3
4,4
5,5
6,6
7,7
8,8
9,9
10,10
11,11
12,12
13,13
14,14
16,15
15,16
17,17
18,18
19,19
20,20
21,21
2,22
23,23
24,24
25,25
26,26
27,27
11,28
28,29
43,30
31,31
32,32
9,33
34,34
35,35
36,36
6,37
38,38
39,39
40,40
41,41
42,42
43,43
44,44
45,45
46,46
47,47
48,48
49,49
50,50
51,51
52,52
53,53
54,54
55,55
56,56
57,57
58,58
59,59
0,0
1,1
43,2
3,3
4,4
5,5
6,6
7,7
8,8
9,9
10,10
11,11
12,12
13,13
14,14
47,15
47,16
17,17
18,18
19,19
20,20
21,21
22,22
23,23
24,24
25,25
26,26
27,27
28,28
3,29
31,30
31,31
32,32
33,33
34,34
35,35
36,36
37,37
38,38
39,39
40,40
41,41
42,42
43,43
44,44
45,45
46,46
47,47
48,48
49,49
50,50
51,51
52,52
53,53
54,54
55,55
56,56
57,57
58,58
59,59
0,0
1,1
2,2
3,3
4,4
5,5
6,6
7,7
8,8
28,9
10,10
12,12
13,13
14,14
15,15
16,16
17,17
18,18
19,19
20,20
21,21
22,22
23,23
24,24
25,25
26,26
27,27
28,28
28,29
43,30
31,31
32,32
33,33
34,34
35,35
36,36
6,37
38,38
39,39
40,40
41,41
42,42
43,43
44,44
45,45
46,46
47,47
48,48
49,49
50,50
51,51
52,52
53,53
54,54
55,55
56,56
57,57
58,58
59,59
0,0
1,1
43,2
3,3
4,4
5,5
6,6
7,7
8,8
9,9
29,10
11,11
12,12
13,13
14,14
15,15
16,16
17,17
18,18
19,19
20,20
21,21
22,22
23,23
24,24
25,25
26,26
27,27
28,28
29,29
30,30
31,31
32,32
33,33
34,34
35,35
36,36
37,37
38,38
39,39
40,40
41,41
42,42
43,43
44,44
45,45
46,46
47,47
48,48
51,49
50,50
51,51
52,52
53,53
54,54
55,55
56,56
57,57
58,58
59,59
0,0
1,1
2,2
3,3
4,4
5,5
6,6
7,7
8,8
9,9
10,10
11,11
12,12
13,13
14,14
15,15
16,16
17,17
18,18
19,19
20,20
21,21
22,22
23,23
24,24
25,25
26,26
27,27
28,28
9,29
43,30
30,31
32,32
9,33
34,34
35,35
36,36
37,37
38,38
39,39
40,40
41,41
42,42
43,43
44,44
45,45
46,46
47,47
48,48
49,49
50,50
51,51
52,52
53,53
54,54
55,55
56,56
57,57
58,58
59,59
0,0
1,1
52,2
3,3
44,4
5,5
6,6
7,7
8,8
9,9
28,10
28,11
13,13
14,14
47,15
15,16
3,17
48,18
19,19
46,20
21,21
48,22
23,23
24,24
25,25
26,26
27,27
28,28
11,29
2,30
31,31
32,32
33,33
34,34
35,35
36,36
37,37
38,38
39,39
40,40
41,41
42,42
43,43
44,44
45,45
36,46
47,47
48,48
56,49
50,50
54,51
52,52
48,53
54,54
55,55
56,56
31,57
58,58
59,59
0,0
0,1
2,2
3,3
4,4
5,5
6,6
7,7
8,8
9,9
10,10
11,11
12,12
13,13
14,14
15,15
15,16
17,17
18,18
19,19
20,20
21,21
22,22
23,23
24,24
25,25
26,26
27,27
28,28
29,29
31,30
31,31
32,32
33,33
34,34
35,35
36,36
37,37
38,38
39,39
40,40
41,41
42,42
43,43
44,44
45,45
46,46
47,47
33,48
49,49
50,50
51,51
52,52
53,53
54,54
55,55
56,56
57,57
58,58
59,59
0,0
36,1
2,2
3,3
4,4
5,5
6,6
7,7
8,8
9,9
10,10
29,11
12,12
13,13
14,14
15,15
16,16
17,17
18,18
19,19
20,20
21,21
22,22
23,23
4,24
25,25
26,26
27,27
28,28
28,29
30,30
31,31
32,32
33,33
34,34
35,35
36,36
37,37
38,38
39,39
40,40
41,41
42,42
43,43
44,44
45,45
46,46
47,47
48,48
49,49
50,50
51,51
52,52
53,53
54,54
57,55
56,56
57,57
58,58
59,59
0,0
36,1
2,2
3,3
4,4
5,5
6,6
7,7
8,8
57,9
28,10
11,11
12,12
14,13
14,14
15,15
16,16
17,17
18,18
23,23
24,24
25,25
26,26
27,27
28,28
28,29
30,30
44,31
29,32
33,33
34,34
35,35
36,36
43,37
38,38
39,39
40,40
41,41
42,42
43,43
44,44
45,45
31,46
47,47
48,48
49,49
50,50
51,51
52,52
53,53
54,54
55,55
56,56
57,57
58,58
59,59
0,0
40,1
2,2
3,3
4,4
5,5
6,6
7,7
8,8
9,9
10,10
10,11
12,12
13,13
14,14
15,15
16,16
17,17
18,18
19,19
20,20
21,21
22,22
23,23
24,24
25,25
26,26
27,27
28,28
29,29
30,30
31,31
32,32
33,33
34,34
35,35
36,36
37,37
38,38
39,39
43,40
41,41
42,42
43,43
44,44
45,45
46,46
47,47
48,48
49,49
50,50
51,51
52,52
53,53
54,54
55,55
56,56
57,57
58,58
59,59
0,0
1,1
2,2
3,3
4,4
5,5
6,6
7,7
8,8
9,9
10,10
28,11
12,12
13,13
14,14
15,15
16,16
17,17
18,18
19,19
20,20
21,21
22,22
23,23
24,24
25,25
26,26
27,27
28,28
35,29
30,30
31,31
32,32
33,33
34,34
35,35
36,36
37,37
38,38
39,39
40,40
41,41
42,42
43,43
44,44
45,45
32,46
47,47
48,48
49,49
50,50
51,51
52,52
53,53
54,54
55,55
56,56
55,57
58,58
59,59
0,0
36,1
2,2
3,3
4,4
5,5
6,6
7,7
8,8
9,9
10,10
29,11
12,12
13,13
14,14
15,15
15,16
17,17
18,18
19,19
20,20
21,21
22,22
23,23
4,24
25,25
26,26
27,27
28,28
29,29
30,30
9,31
0,32
9,33
34,34
35,35
3,36
22,37
38,38
39,39
40,40
41,41
42,42
43,43
44,44
45,45
43,46
47,47
48,48
49,49
50,50
51,51
52,52
53,53
54,54
55,55
56,56
57,57
58,58
59,59
0,0
27,1
2,2
3,3
4,4
5,5
6,6
7,7
8,8
9,9
10,10
11,11
12,12
13,13
14,14
15,15
16,16
17,17
18,18
19,19
20,20
21,21
22,22
23,23
24,24
25,25
26,26
27,27
28,28
29,29
30,30
31,31
32,32
38,33
34,34
35,35
36,36
37,37
38,38
39,39
40,40
41,41
42,42
43,43
44,44
45,45
46,46
47,47
48,48
49,49
50,50
51,51
52,52
53,53
54,54
55,55
56,56
57,57
58,58
59,59
45,0
1,1
2,2
3,3
4,4
5,5
6,6
7,7
8,8
9,9
32,10
29,11
12,12
13,13
14,14
15,15
15,16
17,17
20,18
19,19
20,20
21,21
22,22
23,23
24,24
25,25
26,26
27,27
28,28
15,29
30,30
31,31
32,32
0,33
34,34
35,35
28,36
37,37
38,38
44,39
9,40
41,41
42,42
43,43
44,44
45,45
46,46
40,47
48,48
49,49
50,50
51,51
56,52
53,53
54,54
55,55
56,56
57,57
58,58
59,59
1,0
27,1
2,2
3,3
32,4
5,5
6,6
7,7
8,8
38,9
28,10
11,11
12,12
13,13
14,14
15,15
5,16
19,19
20,20
21,21
22,22
23,23
24,24
25,25
26,26
28,27
28,28
29,29
32,30
31,31
32,32
36,33
34,34
35,35
36,36
37,37
38,38
39,39
40,40
41,41
42,42
43,43
44,44
45,45
46,46
40,47
48,48
49,49
50,50
51,51
52,52
53,53
54,54
55,55
56,56
57,57
58,58
59,59
0,0
1,1
2,2
3,3
4,4
5,5
6,6
7,7
8,8
9,9
10,10
11,11
12,12
13,13
14,14
15,15
15,16
17,17
18,18
19,19
20,20
21,21
22,22
23,23
24,24
25,25
26,26
27,27
28,28
29,29
57,30
31,31
32,32
44,33
34,34
21,35
36,36
37,37
38,38
39,39
40,40
41,41
42,42
43,43
44,44
45,45
46,46
40,47
48,48
49,49
50,50
51,51
52,52
53,53
57,54
29,55
55,56
57,57
58,58
59,59
0,0
27,1
2,2
3,3
4,4
5,5
6,6
7,7
8,8
9,9
28,10
39,11
12,12
13,13
14,14
15,15
16,16
17,17
18,18
19,19
20,20
21,21
22,22
23,23
24,24
25,25
26,26
36,27
28,28
33,29
30,30
31,31
32,32
38,33
34,34
35,35
36,36
37,37
38,38
38,39
40,40
41,41
42,42
9,43
44,44
45,45
46,46
47,47
48,48
49,49
50,50
51,51
52,52
53,53
54,54
55,55
56,56
57,57
58,58
59,59
2,0
18,1
2,2
3,3
4,4
5,5
6,6
7,7
8,8
9,9
32,10
11,11
12,12
13,13
14,14
15,15
15,16
17,17
18,18
19,19
20,20
21,21
22,22
23,23
24,24
25,25
26,26
27,27
9,28
29,29
30,30
0,31
32,32
33,33
47,34
35,35
36,36
37,37
38,38
1,39
43,40
41,41
42,42
36,43
44,44
45,45
46,46
40,47
48,48
49,49
50,50
51,51
52,52
53,53
54,54
55,55
56,56
57,57
58,58
59,59
0,0
37,1
2,2
3,3
4,4
5,5
6,6
7,7
8,8
9,9
11,10
11,11
12,12
13,13
14,14
15,15
15,16
17,17
18,18
19,19
20,20
21,21
22,22
23,23
24,24
25,25
26,26
27,27
28,28
29,29
30,30
31,31
32,32
28,33
34,34
35,35
36,36
37,37
38,38
39,39
40,40
41,41
42,42
43,43
44,44
24,45
46,46
47,47
48,48
6,49
50,50
51,51
52,52
53,53
54,54
55,55
56,56
57,57
58,58
59,59
0,0
1,1
2,2
3,3
4,4
5,5
6,6
7,7
8,8
9,9
27,10
29,11
12,12
13,13
14,14
15,15
16,16
17,17
18,18
19,19
20,20
21,21
22,22
23,23
24,24
25,25
26,26
27,27
28,28
29,29
30,30
31,31
32,32
33,33
34,34
35,35
40,36
37,37
38,38
39,39
47,40
41,41
42,42
43,43
44,44
45,45
46,46
47,47
48,48
49,49
23,50
51,51
52,52
53,53
54,54
55,55
56,56
57,57
58,58
59,59
0,0
18,1
43,2
36,3
4,4
5,5
6,6
12,12
13,13
14,14
15,15
15,16
17,17
18,18
19,19
20,20
21,21
22,22
23,23
24,24
25,25
26,26
27,27
10,28
10,29
30,30
9,31
32,32
33,33
34,34
35,35
36,36
37,37
38,38
39,39
47,40
41,41
42,42
43,43
44,44
45,45
46,46
47,47
48,48
4,50
51,51
52,52
53,53
54,54
55,55
56,56
57,57
58,58
59,59
0,0
0,1
2,2
3,3
4,4
5,5
6,6
7,7
8,8
9,9
10,10
11,11
12,12
13,13
14,14
15,15
16,16
17,17
18,18
19,19
20,20
21,21
22,22
23,23
24,24
25,25
26,26
27,27
28,28
29,29
30,30
31,31
43,32
33,33
34,34
35,35
40,36
37,37
38,38
39,39
36,40
41,41
42,42
43,43
44,44
45,45
46,46
47,47
48,48
49,49
50,50
51,51
52,52
53,53
54,54
55,55
56,56
57,57
58,58
59,59
0,0
37,1
2,2
3,3
4,4
5,5
6,6
7,7
8,8
9,9
10,10
11,11
12,12
13,13
14,14
15,15
16,16
17,17
18,18
19,19
20,20
21,21
22,22
23,23
24,24
25,25
26,26
27,27
28,28
29,29
30,30
31,31
32,32
28,33
34,34
35,35
40,36
37,37
38,38
39,39
40,40
41,41
42,42
43,43
44,44
24,45
46,46
47,47
48,48
49,49
50,50
51,51
52,52
53,53
54,54
55,55
56,56
57,57
58,58
59,59
0,0
2,1
43,2
3,3
4,4
5,5
6,6
7,7
8,8
22,9
29,10
29,11
12,12
13,13
14,14
15,15
16,16
17,17
18,18
19,19
20,20
21,21
22,22
23,23
24,24
25,25
26,26
27,27
29,28
29,29
30,30
31,31
32,32
33,33
34,34
35,35
36,36
37,37
38,38
39,39
44,40
41,41
42,42
43,43
44,44
45,45
46,46
44,47
48,48
49,49
50,50
51,51
52,52
53,53
54,54
55,55
56,56
57,57
58,58
59,59
0,0
1,1
2,2
3,3
4,4
5,5
6,6
7,7
8,8
9,9
11,10
11,11
12,12
13,13
14,14
15,15
15,16
17,17
18,18
19,19
20,20
21,21
22,22
23,23
24,24
25,25
26,26
27,27
28,28
29,29
30,30
22,31
32,32
33,33
34,34
35,35
36,36
37,37
38,38
39,39
34,40
41,41
42,42
43,43
44,44
45,45
46,46
47,47
48,48
52,49
50,50
51,51
52,52
53,53
54,54
55,55
56,56
57,57
58,58
59,59
0,0
1,1
43,2
3,3
4,4
5,5
6,6
7,7
8,8
9,9
10,10
11,11
12,12
13,13
14,14
15,15
15,16
17,17
18,18
19,19
20,20
21,21
22,22
23,23
24,24
25,25
26,26
27,27
28,28
29,29
37,30
31,31
32,32
33,33
5,34
35,35
36,36
37,37
38,38
39,39
34,40
41,41
42,42
43,43
44,44
45,45
46,46
47,47
48,48
52,49
50,50
51,51
52,52
53,53
54,54
55,55
56,56
57,57
58,58
59,59
1,0
1,1
2,2
4,4
5,5
6,6
7,7
8,8
9,9
11,10
11,11
12,12
13,13
14,14
15,15
15,16
17,17
18,18
19,19
20,20
21,21
22,22
23,23
24,24
25,25
26,26
27,27
28,28
11,29
30,30
31,31
32,32
33,33
34,34
35,35
36,36
37,37
38,38
39,39
40,40
41,41
42,42
43,43
44,44
24,45
46,46
47,47
48,48
49,49
50,50
51,51
52,52
53,53
54,54
57,55
56,56
57,57
58,58
59,59
0,0
1,1
2,2
3,3
32,4
5,5
6,6
7,7
8,8
9,9
10,10
28,11
12,12
13,13
14,14
15,15
16,16
17,17
18,18
19,19
20,20
21,21
22,22
23,23
24,24
25,25
26,26
27,27
28,28
11,29
30,30
31,31
32,32
33,33
34,34
35,35
36,36
37,37
38,38
39,39
40,40
41,41
42,42
43,43
44,44
45,45
46,46
47,47
48,48
52,49
50,50
51,51
52,52
53,53
54,54
55,55
56,56
57,57
58,58
59,59
0,0
1,1
2,2
3,3
45,4
5,5
6,6
54,7
8,8
9,9
11,10
11,11
12,12
13,13
14,14
15,15
13,16
17,17
18,18
19,19
20,20
21,21
22,22
23,23
24,24
25,25
26,26
27,27
11,28
29,29
31,30
31,31
32,32
33,33
34,34
35,35
36,36
37,37
38,38
39,39
34,40
41,41
42,42
43,43
44,44
45,45
46,46
40,47
48,48
49,49
50,50
51,51
52,52
53,53
54,54
55,55
56,56
57,57
58,58
59,59
0,0
10,1
3,2
13,3
32,4
5,5
5,6
7,7
8,8
9,9
10,10
10,11
12,12
13,13
14,14
15,15
15,16
17,17
18,18
19,19
20,20
21,21
37,22
14,23
24,24
25,25
26,26
27,27
11,28
29,29
45,30
45,31
32,32
33,33
5,34
35,35
33,36
37,37
38,38
39,39
40,40
41,41
42,42
43,43
36,44
45,45
46,46
15,47
48,48
49,49
49,50
51,51
52,52
53,53
54,54
55,55
56,56
57,57
58,58
59,59
0,0
1,1
2,2
3,3
4,4
5,5
6,6
7,7
8,8
9,9
32,10
28,11
12,12
13,13
14,14
15,15
16,16
17,17
18,18
19,19
20,20
21,21
22,22
23,23
24,24
25,25
26,26
27,27
28,28
29,29
30,30
31,31
32,32
33,33
34,34
35,35
36,36
37,37
38,38
39,39
47,40
41,41
42,42
43,43
44,44
45,45
46,46
47,47
21,48
49,49
50,50
51,51
52,52
53,53
54,54
55,55
56,56
57,57
58,58
59,59
0,0
1,1
2,2
3,3
4,4
5,5
6,6
7,7
8,8
9,9
28,10
11,11
12,12
13,13
14,14
15,15
16,16
17,17
18,18
19,19
20,20
21,21
22,22
23,23
24,24
25,25
26,26
27,27
28,28
29,29
30,30
31,31
32,32
33,33
34,34
35,35
36,36
37,37
38,38
39,39
44,40
41,41
42,42
43,43
44,44
45,45
46,46
47,47
48,48
52,49
50,50
51,51
52,52
53,53
54,54
55,55
56,56
57,57
58,58
59,59
0,0
1,1
2,2
37,3
4,4
5,5
6,6
39,7
8,8
9,9
32,10
11,11
12,12
13,13
14,14
15,15
16,16
17,17
18,18
19,19
20,20
21,21
21,22
23,23
45,24
25,25
26,26
27,27
28,28
28,29
30,30
32,31
32,32
33,33
34,34
35,35
36,36
37,37
38,38
39,39
47,40
41,41
42,42
43,43
44,44
45,45
24,46
44,47
22,48
49,49
50,50
51,51
52,52
53,53
54,54
55,55
56,56
57,57
58,58
58,59
0,0
1,1
2,2
3,3
4,4
5,5
6,6
7,7
8,8
9,9
10,10
11,11
12,12
13,13
14,14
16,15
16,16
17,17
18,18
19,19
20,20
21,21
22,22
23,23
24,24
25,25
26,26
27,27
28,28
29,29
30,30
31,31
32,32
33,33
34,34
35,35
36,36
37,37
38,38
39,39
44,40
41,41
42,42
43,43
44,44
45,45
46,46
44,47
48,48
52,49
50,50
51,51
52,52
53,53
54,54
55,55
56,56
57,57
58,58
59,59
0,0
1,1
2,2
3,3
4,4
5,5
6,6
7,7
8,8
9,9
10,10
11,11
12,12
13,13
14,14
15,15
16,16
17,17
18,18
19,19
20,20
21,21
22,22
23,23
24,24
25,25
26,26
27,27
28,28
11,29
30,30
31,31
32,32
33,33
34,34
35,35
36,36
37,37
38,38
39,39
47,40
41,41
42,42
43,43
44,44
45,45
46,46
44,47
21,48
52,49
50,50
51,51
52,52
53,53
54,54
55,55
56,56
57,57
58,58
59,59
48,0
10,1
2,2
3,3
4,4
5,5
6,6
7,7
8,8
9,9
11,10
10,11
12,12
13,13
14,14
16,15
16,16
17,17
18,18
19,19
20,20
21,21
23,22
23,23
24,24
25,25
26,26
2,27
2,28
11,29
37,30
31,31
32,32
33,33
56,34
35,35
36,36
37,37
38,38
39,39
56,40
41,41
42,42
43,43
44,44
45,45
46,46
56,47
48,48
55,49
56,50
48,51
2,52
4,53
54,54
55,55
56,56
57,57
58,58
58,59
0,0
1,1
40,2
3,3
10,4
5,5
6,6
7,7
8,8
9,9
10,10
11,11
12,12
13,13
14,14
15,15
16,16
17,17
18,18
17,19
20,20
21,21
40,22
23,23
24,24
25,25
26,26
40,27
28,28
29,29
30,30
31,31
32,32
33,33
34,34
35,35
17,36
43,37
38,38
39,39
40,40
41,41
42,42
47,43
44,44
45,45
46,46
47,47
48,48
49,49
50,50
51,51
52,52
53,53
54,54
55,55
56,56
57,57
58,58
59,59
27,0
1,1
2,2
3,3
4,4
5,5
6,6
7,7
8,8
9,9
10,10
10,11
12,12
13,13
13,14
15,15
16,16
17,17
18,18
19,19
20,20
21,21
48,22
23,23
45,24
25,25
26,26
44,27
28,28
28,29
30,30
30,31
32,32
33,33
40,34
35,35
40,36
37,37
38,38
39,39
40,40
41,41
42,42
43,43
44,44
45,45
46,46
34,47
48,48
49,49
50,50
51,51
52,52
53,53
54,54
55,55
54,56
57,57
58,58
59,59
0,0
1,1
36,2
3,3
4,4
5,5
6,6
7,7
8,8
9,9
10,10
33,11
12,12
13,13
14,14
15,15
16,16
18,18
19,19
20,20
21,21
48,22
23,23
24,24
25,25
26,26
43,27
28,28
11,29
30,30
31,31
38,32
33,33
34,34
35,35
36,36
32,37
38,38
38,39
40,40
41,41
42,42
47,43
44,44
45,45
27,46
47,47
48,48
49,49
50,50
51,51
52,52
53,53
54,54
55,55
56,56
55,57
58,58
59,59
27,0
1,1
2,2
3,3
4,4
5,5
6,6
7,7
8,8
9,9
10,10
10,11
12,12
13,13
13,14
15,15
15,16
17,17
18,18
19,19
20,20
21,21
48,22
23,23
24,24
25,25
26,26
27,27
28,28
29,29
30,30
30,31
32,32
33,33
34,34
35,35
36,36
1,37
38,38
39,39
40,40
41,41
42,42
43,43
44,44
45,45
46,46
34,47
48,48
49,49
50,50
51,51
52,52
53,53
54,54
55,55
52,56
57,57
58,58
58,59
0,0
40,1
44,2
36,3
4,4
5,5
6,6
7,7
8,8
9,9
10,10
11,11
12,12
13,13
14,14
15,15
16,16
17,17
18,18
19,19
20,20
21,21
48,22
23,23
24,24
25,25
26,26
27,27
28,28
11,29
30,30
30,31
32,32
33,33
34,34
35,35
36,36
43,37
38,38
38,39
40,40
41,41
42,42
43,43
44,44
45,45
46,46
47,47
48,48
49,49
50,50
51,51
52,52
53,53
54,54
55,55
56,56
57,57
58,58
59,59
17,0
31,1
2,2
3,3
38,4
5,5
6,6
7,7
8,8
38,9
11,10
11,11
13,13
13,14
15,15
16,16
27,17
18,18
19,19
20,20
21,21
27,22
6,23
2,24
25,25
26,26
27,27
44,28
2,29
37,30
30,31
32,32
33,33
34,34
35,35
40,36
37,37
38,38
38,39
40,40
41,41
42,42
43,43
44,44
45,45
46,46
34,47
37,48
6,49
6,50
54,51
45,52
37,53
54,54
55,55
56,56
53,57
58,58
59,59
0,0
1,1
2,2
43,3
4,4
5,5
6,6
7,7
8,8
9,9
28,10
11,11
12,12
13,13
14,14
15,15
16,16
17,17
18,18
19,19
20,20
21,21
22,22
23,23
24,24
25,25
26,26
27,27
28,28
29,29
30,30
31,31
32,32
33,33
34,34
35,35
36,36
37,37
38,38
39,39
40,40
41,41
42,42
43,43
44,44
45,45
46,46
47,47
48,48
49,49
50,50
51,51
52,52
53,53
54,54
55,55
41,56
57,57
58,58
59,59
0,0
1,1
2,2
3,3
4,4
5,5
6,6
7,7
8,8
9,9
11,10
11,11
12,12
13,13
14,14
15,15
15,16
17,17
18,18
19,19
20,20
21,21
22,22
23,23
24,24
25,25
26,26
27,27
28,28
29,29
30,30
31,31
32,32
33,33
34,34
35,35
36,36
37,37
38,38
39,39
40,40
41,41
42,42
43,43
47,44
45,45
46,46
47,47
48,48
49,49
50,50
51,51
52,52
53,53
54,54
55,55
16,56
57,57
58,58
59,59
0,0
1,1
2,2
43,3
4,4
5,5
6,6
7,7
8,8
9,9
28,10
11,11
12,12
13,13
14,14
41,15
16,16
1,17
40,18
19,19
20,20
21,21
37,22
23,23
24,24
25,25
26,26
27,27
28,28
29,29
30,30
31,31
32,32
33,33
34,34
37,35
36,36
37,37
38,38
39,39
40,40
41,41
42,42
43,43
44,44
45,45
46,46
47,47
48,48
49,49
50,50
51,51
52,52
53,53
54,54
54,55
56,56
57,57
58,58
59,59
0,0
1,1
2,2
3,3
4,4
5,5
6,6
7,7
8,8
9,9
10,10
11,11
12,12
13,13
14,14
15,15
15,16
17,17
18,18
19,19
20,20
21,21
22,22
23,23
24,24
25,25
26,26
27,27
28,28
10,29
30,30
31,31
32,32
33,33
34,34
35,35
36,36
37,37
38,38
39,39
40,40
41,41
42,42
43,43
44,44
45,45
46,46
40,47
48,48
49,49
50,50
51,51
52,52
53,53
54,54
55,55
56,56
57,57
58,58
59,59
0,0
1,1
2,2
3,3
4,4
5,5
6,6
7,7
8,8
9,9
10,10
11,11
12,12
13,13
14,14
15,15
16,16
17,17
18,18
19,19
20,20
21,21
22,22
23,23
24,24
25,25
26,26
27,27
28,28
11,29
30,30
31,31
32,32
33,33
34,34
35,35
46,36
37,37
38,38
39,39
40,40
41,41
42,42
43,43
44,44
45,45
46,46
34,47
48,48
49,49
50,50
51,51
52,52
53,53
54,54
51,55
56,56
57,57
58,58
59,59
2,1
2,2
43,3
37,4
5,5
6,6
7,7
8,8
9,9
12,12
13,13
14,14
15,15
16,16
17,17
18,18
35,19
35,20
21,21
37,22
23,23
24,24
25,25
26,26
27,27
10,28
29,29
37,30
37,31
32,32
33,33
34,34
37,35
36,36
22,37
38,38
39,39
45,40
58,41
42,42
3,43
7,44
45,45
44,46
47,47
37,48
52,49
23,50
6,51
52,52
53,53
54,54
10,55
50,56
57,57
58,58
59,59
0,0
1,1
2,2
3,3
4,4
5,5
6,6
7,7
8,8
9,9
10,10
43,11
12,12
13,13
14,14
15,15
15,16
17,17
18,18
19,19
20,20
21,21
22,22
23,23
24,24
25,25
26,26
46,27
28,28
44,29
30,30
31,31
39,32
33,33
34,34
35,35
36,36
37,37
38,38
39,39
24,40
41,41
42,42
19,43
44,44
45,45
46,46
47,47
37,48
49,49
50,50
51,51
52,52
53,53
54,54
55,55
56,56
57,57
58,58
58,59
2,0
46,1
2,2
3,3
4,4
5,5
6,6
7,7
8,8
9,9
10,10
43,11
12,12
13,13
14,14
15,15
15,16
17,17
18,18
19,19
20,20
21,21
22,22
23,23
24,24
25,25
26,26
27,27
28,28
27,29
30,30
31,31
32,32
33,33
34,34
35,35
36,36
37,37
38,38
39,39
40,40
41,41
42,42
43,43
44,44
45,45
46,46
47,47
22,48
49,49
50,50
51,51
52,52
53,53
54,54
55,55
56,56
57,57
58,58
59,59
1,0
1,1
2,2
3,3
4,4
5,5
6,6
7,7
8,8
9,9
9,10
11,11
12,12
13,13
14,14
15,15
5,16
17,17
18,18
19,19
20,20
21,21
22,22
23,23
24,24
25,25
26,26
43,27
28,28
43,29
30,30
31,31
32,32
33,33
34,34
35,35
36,36
37,37
40,38
39,39
40,40
41,41
42,42
43,43
44,44
45,45
46,46
44,47
37,48
49,49
50,50
51,51
52,52
53,53
54,54
53,55
56,56
57,57
58,58
59,59
2,0
24,1
2,2
3,3
4,4
5,5
6,6
7,7
8,8
33,9
10,10
38,11
12,12
13,13
14,14
16,15
15,16
17,17
18,18
19,19
20,20
21,21
22,22
23,23
24,24
25,25
26,26
27,27
38,28
24,29
30,30
31,31
32,32
33,33
34,34
35,35
36,36
37,37
38,38
39,39
40,40
41,41
42,42
43,43
44,44
45,45
46,46
47,47
48,48
49,49
50,50
51,51
52,52
53,53
54,54
30,55
56,56
57,57
58,58
59,59
0,0
1,1
2,2
3,3
4,4
5,5
6,6
7,7
8,8
9,9
10,10
11,11
12,12
13,13
14,14
15,15
15,16
17,17
18,18
19,19
20,20
21,21
22,22
23,23
24,24
25,25
26,26
43,27
1,28
28,29
30,30
31,31
32,32
33,33
34,34
35,35
36,36
37,37
40,38
39,39
40,40
41,41
42,42
43,43
44,44
45,45
46,46
34,47
48,48
49,49
50,50
51,51
52,52
53,53
54,54
53,55
56,56
57,57
58,58
59,59
33,0
2,1
2,2
24,3
4,4
5,5
6,6
7,7
8,8
9,9
10,10
38,11
12,12
13,13
14,14
16,15
15,16
17,17
18,18
19,19
46,20
21,21
37,22
23,23
24,24
25,25
26,26
44,27
28,28
44,29
44,30
31,31
32,32
22,33
34,34
35,35
36,36
37,37
38,38
39,39
44,40
41,41
42,42
39,43
44,44
54,45
45,46
47,47
4,48
45,49
23,50
51,51
45,52
45,53
54,54
55,55
34,56
24,57
58,58
59,59
0,0
18,1
2,2
3,3
4,4
5,5
6,6
7,7
8,8
9,9
10,10
11,11
12,12
13,13
14,14
15,15
16,16
17,17
18,18
19,19
20,20
21,21
22,22
23,23
24,24
25,25
26,26
27,27
28,28
29,29
30,30
11,31
32,32
33,33
34,34
35,35
36,36
37,37
38,38
39,39
2,40
41,41
42,42
43,43
44,44
45,45
46,46
47,47
48,48
49,49
50,50
51,51
52,52
53,53
54,54
55,55
56,56
57,57
58,58
59,59
17,0
1,1
2,2
3,3
4,4
5,5
6,6
7,7
8,8
9,9
10,10
11,11
12,12
13,13
14,14
15,15
16,16
17,17
18,18
19,19
20,20
21,21
22,22
23,23
24,24
25,25
26,26
27,27
28,28
10,29
30,30
31,31
32,32
33,33
34,34
35,35
43,36
37,37
38,38
39,39
27,40
41,41
42,42
43,43
44,44
45,45
46,46
47,47
48,48
49,49
50,50
51,51
57,52
53,53
54,54
55,55
56,56
57,57
58,58
59,59
0,0
40,1
2,2
3,3
4,4
5,5
6,6
7,7
8,8
9,9
10,10
11,11
10,12
13,13
14,14
15,15
16,16
17,17
18,18
19,19
20,20
21,21
22,22
23,23
24,24
25,25
26,26
27,27
28,28
11,29
30,30
31,31
32,32
33,33
34,34
35,35
36,36
37,37
38,38
39,39
43,40
41,41
42,42
43,43
44,44
45,45
46,46
47,47
48,48
49,49
50,50
51,51
52,52
53,53
54,54
55,55
56,56
57,57
58,58
59,59
2,0
1,1
2,2
3,3
4,4
5,5
6,6
7,7
8,8
9,9
10,10
11,11
12,12
13,13
14,14
15,15
16,16
17,17
18,18
19,19
20,20
21,21
22,22
23,23
24,24
25,25
26,26
27,27
28,28
10,29
30,30
31,31
32,32
33,33
34,34
35,35
36,36
37,37
38,38
39,39
43,40
41,41
42,42
43,43
44,44
45,45
43,46
47,47
48,48
49,49
50,50
51,51
52,52
52,53
54,54
55,55
56,56
57,57
58,58
59,59
0,0
18,1
2,2
3,3
4,4
5,5
6,6
7,7
8,8
9,9
10,10
29,11
12,12
13,13
14,14
15,15
16,16
17,17
18,18
19,19
20,20
21,21
22,22
23,23
24,24
25,25
26,26
27,27
28,28
29,29
30,30
31,31
32,32
33,33
34,34
35,35
36,36
37,37
38,38
39,39
43,40
41,41
42,42
43,43
44,44
45,45
43,46
47,47
48,48
49,49
50,50
51,51
52,52
53,53
54,54
55,55
56,56
57,57
58,58
59,59
17,0
1,1
2,2
3,3
4,4
5,5
6,6
7,7
8,8
9,9
10,10
11,11
12,12
13,13
14,14
15,15
16,16
17,17
18,18
19,19
20,20
21,21
22,22
23,23
24,24
25,25
26,26
3,27
28,28
10,29
30,30
0,31
32,32
33,33
34,34
35,35
43,36
2,37
38,38
39,39
2,40
41,41
42,42
43,43
44,44
45,45
46,46
44,47
48,48
49,49
50,50
51,51
52,52
53,53
54,54
55,55
56,56
57,57
58,58
59,59
43,0
43,1
2,2
3,3
4,4
5,5
6,6
7,7
8,8
9,9
10,10
11,11
12,12
13,13
14,14
15,15
16,16
17,17
18,18
19,19
20,20
21,21
22,22
23,23
24,24
25,25
26,26
27,27
28,28
29,29
30,30
31,31
32,32
33,33
34,34
35,35
36,36
37,37
38,38
39,39
43,40
41,41
42,42
43,43
44,44
45,45
46,46
47,47
48,48
49,49
50,50
51,51
52,52
53,53
54,54
55,55
56,56
57,57
58,58
59,59
17,0
27,1
2,2
3,3
4,4
5,5
6,6
7,7
8,8
9,9
10,10
11,11
12,12
13,13
14,14
15,15
16,16
17,17
18,18
19,19
20,20
21,21
22,22
23,23
24,24
25,25
26,26
27,27
28,28
29,29
30,30
31,31
32,32
33,33
47,34
53,35
36,36
37,37
38,38
39,39
43,40
41,41
42,42
43,43
44,44
45,45
43,46
47,47
48,48
49,49
50,50
51,51
52,52
53,53
54,54
55,55
56,56
57,57
58,58
59,59
2,0
43,1
2,2
3,3
4,4
5,5
6,6
7,7
8,8
9,9
10,10
10,11
12,12
13,13
14,14
15,15
16,16
17,17
18,18
19,19
20,20
21,21
22,22
23,23
24,24
25,25
26,26
27,27
28,28
29,29
30,30
31,31
32,32
33,33
34,34
35,35
36,36
37,37
38,38
39,39
43,40
41,41
42,42
43,43
44,44
45,45
46,46
47,47
48,48
49,49
50,50
51,51
52,52
53,53
54,54
55,55
56,56
57,57
58,58
59,59
0,0
2,1
2,2
3,3
4,4
5,5
6,6
7,7
8,8
9,9
28,10
28,11
12,12
13,13
14,14
15,15
16,16
17,17
18,18
19,19
20,20
21,21
22,22
23,23
24,24
25,25
26,26
27,27
28,28
11,29
30,30
31,31
32,32
33,33
34,34
35,35
36,36
37,37
38,38
39,39
43,40
41,41
42,42
43,43
44,44
45,45
43,46
47,47
48,48
49,49
50,50
51,51
52,52
53,53
54,54
55,55
56,56
57,57
58,58
59,59
2,0
43,1
2,2
3,3
4,4
5,5
6,6
7,7
8,8
9,9
10,10
29,11
12,12
13,13
14,14
15,15
16,16
17,17
18,18
19,19
20,20
21,21
22,22
23,23
24,24
25,25
26,26
27,27
28,28
29,29
30,30
31,31
32,32
33,33
34,34
35,35
36,36
37,37
38,38
39,39
43,40
41,41
42,42
43,43
44,44
45,45
43,46
47,47
48,48
49,49
50,50
51,51
52,52
53,53
54,54
55,55
56,56
57,57
58,58
59,59
0,0
27,1
2,2
3,3
4,4
5,5
6,6
7,7
8,8
9,9
9,10
10,11
12,12
13,13
14,14
15,15
16,16
17,17
18,18
19,19
20,20
21,21
22,22
23,23
24,24
25,25
26,26
1,27
28,28
29,29
30,30
31,31
32,32
33,33
34,34
35,35
36,36
37,37
38,38
39,39
43,40
41,41
42,42
43,43
45,44
45,45
46,46
47,47
2,48
49,49
50,50
51,51
52,52
53,53
54,54
55,55
56,56
57,57
58,58
59,59
0,0
2,1
2,2
3,3
4,4
5,5
6,6
7,7
8,8
9,9
10,10
10,11
12,12
13,13
14,14
15,15
16,16
17,17
18,18
19,19
20,20
21,21
22,22
23,23
24,24
25,25
26,26
27,27
28,28
11,29
30,30
0,31
32,32
33,33
34,34
35,35
36,36
37,37
38,38
39,39
43,40
41,41
42,42
43,43
44,44
45,45
46,46
47,47
48,48
49,49
50,50
51,51
52,52
53,53
54,54
55,55
56,56
57,57
58,58
59,59
0,0
43,1
2,2
3,3
4,4
5,5
6,6
7,7
8,8
9,9
11,10
10,11
12,12
13,13
14,14
15,15
16,16
17,17
18,18
19,19
20,20
21,21
22,22
23,23
24,24
25,25
26,26
27,27
28,28
29,29
30,30
31,31
32,32
33,33
34,34
35,35
36,36
37,37
38,38
39,39
43,40
41,41
42,42
43,43
44,44
45,45
43,46
44,47
48,48
49,49
50,50
51,51
52,52
53,53
54,54
55,55
56,56
57,57
58,58
59,59
17,0
2,1
2,2
3,3
4,4
5,5
6,6
7,7
8,8
9,9
10,10
10,11
12,12
13,13
14,14
15,15
16,16
17,17
18,18
19,19
20,20
21,21
22,22
23,23
24,24
25,25
26,26
27,27
28,28
10,29
30,30
31,31
32,32
33,33
34,34
35,35
36,36
37,37
38,38
39,39
43,40
41,41
42,42
43,43
45,44
45,45
46,46
47,47
48,48
49,49
50,50
51,51
52,52
53,53
54,54
55,55
56,56
57,57
58,58
59,59
43,0
2,1
2,2
3,3
4,4
5,5
6,6
7,7
8,8
9,9
10,10
10,11
12,12
13,13
14,14
15,15
16,16
17,17
18,18
19,19
20,20
21,21
22,22
23,23
24,24
25,25
26,26
27,27
28,28
29,29
30,30
31,31
32,32
33,33
34,34
35,35
36,36
37,37
38,38
39,39
43,40
41,41
42,42
43,43
44,44
45,45
46,46
47,47
48,48
49,49
50,50
51,51
52,52
53,53
54,54
55,55
56,56
57,57
58,58
59,59
0,0
27,1
2,2
3,3
4,4
5,5
6,6
7,7
8,8
9,9
28,10
28,11
12,12
13,13
14,14
15,15
16,16
17,17
18,18
19,19
20,20
21,21
22,22
23,23
24,24
25,25
26,26
27,27
28,28
11,29
30,30
0,31
32,32
33,33
34,34
35,35
36,36
37,37
38,38
39,39
43,40
41,41
42,42
43,43
44,44
45,45
46,46
47,47
48,48
49,49
50,50
51,51
52,52
53,53
54,54
55,55
56,56
57,57
58,58
59,59
2,0
2,1
2,2
3,3
4,4
5,5
6,6
7,7
8,8
9,9
11,10
11,11
12,12
13,13
14,14
15,15
16,16
17,17
18,18
19,19
20,20
21,21
22,22
23,23
24,24
25,25
26,26
37,27
28,28
11,29
30,30
31,31
32,32
33,33
34,34
35,35
36,36
35,37
38,38
39,39
43,40
41,41
42,42
43,43
44,44
45,45
46,46
47,47
48,48
49,49
50,50
51,51
52,52
53,53
54,54
55,55
56,56
57,57
58,58
59,59
0,0
1,1
2,2
3,3
4,4
5,5
6,6
7,7
8,8
9,9
10,10
10,11
12,12
13,13
14,14
15,15
16,16
17,17
18,18
19,19
20,20
21,21
22,22
23,23
24,24
25,25
26,26
27,27
28,28
10,29
30,30
31,31
32,32
33,33
34,34
35,35
36,36
37,37
38,38
39,39
40,40
41,41
42,42
43,43
44,44
45,45
43,46
47,47
48,48
49,49
50,50
51,51
52,52
53,53
54,54
55,55
56,56
57,57
58,58
59,59
43,0
1,1
2,2
3,3
4,4
5,5
6,6
7,7
8,8
9,9
28,10
28,11
12,12
13,13
14,14
15,15
16,16
17,17
18,18
19,19
20,20
21,21
22,22
23,23
24,24
25,25
26,26
27,27
28,28
11,29
30,30
31,31
32,32
33,33
34,34
35,35
36,36
37,37
39,38
39,39
40,40
41,41
42,42
43,43
44,44
45,45
43,46
47,47
48,48
49,49
50,50
51,51
52,52
53,53
54,54
55,55
56,56
57,57
58,58
59,59
0,0
1,1
2,2
3,3
4,4
5,5
6,6
7,7
16,8
9,9
10,10
10,11
12,12
13,13
14,14
23,15
16,16
17,17
18,18
19,19
20,20
21,21
22,22
23,23
24,24
25,25
26,26
17,27
28,28
10,29
30,30
31,31
32,32
33,33
34,34
35,35
36,36
37,37
32,38
39,39
43,40
41,41
42,42
43,43
44,44
45,45
46,46
47,47
48,48
49,49
50,50
51,51
52,52
53,53
54,54
55,55
56,56
57,57
58,58
59,59
0,0
1,1
2,2
3,3
4,4
5,5
6,6
7,7
8,8
9,9
10,10
11,11
12,12
13,13
14,14
15,15
16,16
17,17
18,18
19,19
20,20
21,21
22,22
23,23
24,24
25,25
26,26
27,27
28,28
11,29
30,30
31,31
32,32
33,33
34,34
35,35
36,36
37,37
39,38
39,39
40,40
41,41
42,42
43,43
44,44
45,45
46,46
47,47
48,48
49,49
50,50
51,51
53,52
53,53
54,54
55,55
56,56
57,57
58,58
59,59
0,0
1,1
2,2
3,3
4,4
5,5
6,6
7,7
8,8
9,9
10,10
11,11
12,12
13,13
14,14
16,15
16,16
17,17
18,18
19,19
20,20
21,21
22,22
23,23
24,24
25,25
26,26
27,27
28,28
29,29
30,30
31,31
32,32
33,33
34,34
35,35
36,36
37,37
38,38
39,39
40,40
41,41
42,42
43,43
44,44
45,45
46,46
47,47
48,48
49,49
50,50
51,51
52,52
53,53
54,54
55,55
56,56
57,57
58,58
59,59
0,0
1,1
2,2
3,3
4,4
5,5
6,6
7,7
8,8
9,9
10,10
11,11
12,12
13,13
14,14
15,15
16,16
17,17
18,18
19,19
20,20
21,21
22,22
23,23
24,24
25,25
26,26
27,27
28,28
10,29
30,30
31,31
32,32
33,33
34,34
35,35
36,36
37,37
39,38
39,39
40,40
41,41
42,42
43,43
44,44
45,45
46,46
47,47
48,48
49,49
50,50
51,51
52,52
53,53
54,54
55,55
56,56
57,57
58,58
59,59
0,0
1,1
2,2
3,3
4,4
5,5
6,6
7,7
8,8
17,9
10,10
11,11
12,12
13,13
14,14
15,15
15,16
17,17
18,18
19,19
20,20
21,21
22,22
23,23
24,24
25,25
26,26
27,27
28,28
29,29
30,30
31,31
32,32
33,33
34,34
35,35
3,36
37,37
38,38
39,39
40,40
41,41
42,42
43,43
44,44
45,45
46,46
47,47
48,48
49,49
50,50
49,51
52,52
53,53
54,54
55,55
56,56
57,57
58,58
59,59
0,0
1,1
2,2
3,3
4,4
5,5
6,6
7,7
8,8
9,9
10,10
11,11
12,12
13,13
14,14
15,15
16,16
17,17
18,18
19,19
20,20
21,21
22,22
23,23
1,24
25,25
26,26
27,27
28,28
29,29
30,30
31,31
32,32
33,33
34,34
35,35
36,36
37,37
38,38
39,39
44,40
41,41
42,42
43,43
44,44
45,45
46,46
47,47
48,48
49,49
50,50
51,51
52,52
53,53
54,54
55,55
56,56
57,57
58,58
59,59
0,0
1,1
2,2
3,3
4,4
5,5
6,6
7,7
8,8
33,9
11,10
11,11
12,12
13,13
14,14
15,15
15,16
17,17
18,18
19,19
20,20
21,21
22,22
23,23
24,24
25,25
26,26
27,27
28,28
11,29
30,30
31,31
35,32
33,33
34,34
35,35
3,36
37,37
38,38
39,39
44,40
41,41
42,42
43,43
44,44
45,45
46,46
47,47
48,48
50,50
51,51
52,52
53,53
54,54
57,55
55,56
57,57
58,58
59,59
0,0
1,1
2,2
3,3
4,4
5,5
6,6
7,7
8,8
9,9
36,10
11,11
12,12
13,13
14,14
15,15
16,16
17,17
18,18
19,19
20,20
21,21
22,22
23,23
24,24
25,25
26,26
27,27
28,28
29,29
30,30
31,31
32,32
33,33
34,34
35,35
36,36
37,37
38,38
39,39
40,40
41,41
42,42
43,43
44,44
45,45
45,46
47,47
48,48
49,49
50,50
51,51
52,52
53,53
54,54
55,55
56,56
57,57
58,58
58,59
0,0
1,1
2,2
3,3
4,4
5,5
6,6
7,7
8,8
9,9
29,10
10,11
12,12
13,13
14,14
15,15
16,16
17,17
18,18
19,19
20,20
21,21
22,22
23,23
24,24
25,25
26,26
27,27
28,28
29,29
30,30
31,31
32,32
33,33
34,34
35,35
3,36
37,37
38,38
39,39
40,40
41,41
42,42
43,43
44,44
45,45
46,46
47,47
48,48
49,49
50,50
51,51
52,52
53,53
54,54
53,55
56,56
57,57
58,58
59,59
0,0
1,1
44,2
3,3
28,4
5,5
6,6
7,7
8,8
48,9
11,10
11,11
12,12
13,13
14,14
15,15
16,16
43,17
20,18
19,19
20,20
21,21
9,22
23,23
24,24
25,25
26,26
27,27
28,28
29,29
30,30
31,31
32,32
33,33
34,34
35,35
3,36
37,37
38,38
39,39
40,40
41,41
42,42
46,43
44,44
45,45
24,46
47,47
28,48
49,49
50,50
51,51
53,52
53,53
54,54
55,55
56,56
57,57
58,58
59,59
0,0
17,1
1,2
2,3
4,4
5,5
6,6
7,7
8,8
9,9
11,10
10,11
12,12
13,13
14,14
16,15
16,16
17,17
18,18
19,19
20,20
21,21
22,22
23,23
29,24
25,25
26,26
27,27
28,28
29,29
30,30
31,31
32,32
33,33
34,34
35,35
36,36
37,37
38,38
39,39
40,40
41,41
42,42
43,43
44,44
45,45
46,46
47,47
48,48
49,49
50,50
51,51
52,52
53,53
54,54
55,55
56,56
57,57
58,58
59,59
0,0
11,1
2,2
3,3
28,4
34,5
6,6
7,7
8,8
9,9
10,10
11,11
12,12
13,13
14,14
16,15
23,16
17,17
18,18
19,19
20,20
21,21
48,22
23,23
24,24
25,25
26,26
2,27
28,28
29,29
30,30
31,31
32,32
9,33
34,34
35,35
3,36
37,37
38,38
39,39
40,40
41,41
42,42
22,43
47,44
46,45
45,46
47,47
48,48
49,49
50,50
51,51
52,52
53,53
54,54
55,55
56,56
57,57
58,58
59,59
0,0
17,1
3,2
3,3
24,4
5,5
6,6
7,7
8,8
48,9
10,10
10,11
40,12
15,13
14,14
16,15
16,16
17,17
18,18
19,19
20,20
21,21
33,22
23,23
29,24
25,25
26,26
27,27
28,28
47,29
30,30
30,31
33,32
11,33
47,34
35,35
3,36
37,37
38,38
39,39
40,40
41,41
42,42
46,43
44,44
45,45
46,46
47,47
48,48
49,49
50,50
51,51
52,52
53,53
54,54
55,55
56,56
57,57
58,58
59,59
0,0
1,1
2,2
3,3
4,4
5,5
6,6
7,7
8,8
9,9
29,10
11,11
12,12
13,13
14,14
16,15
23,16
17,17
18,18
19,19
20,20
21,21
48,22
23,23
24,24
25,25
26,26
27,27
28,28
28,29
30,30
31,31
32,32
33,33
34,34
35,35
3,36
37,37
38,38
39,39
40,40
41,41
42,42
2,43
7,44
45,45
46,46
47,47
48,48
49,49
50,50
51,51
52,52
53,53
54,54
55,55
56,56
57,57
58,58
59,59
0,0
18,1
2,2
3,3
4,4
5,5
6,6
7,7
8,8
9,9
10,10
11,11
12,12
13,13
14,14
15,15
15,16
17,17
18,18
19,19
20,20
21,21
22,22
23,23
24,24
25,25
26,26
27,27
28,28
43,29
30,30
31,31
32,32
33,33
47,34
35,35
3,36
37,37
38,38
39,39
40,40
41,41
42,42
43,43
44,44
45,45
46,46
47,47
48,48
49,49
50,50
51,51
53,52
53,53
54,54
55,55
56,56
57,57
58,58
59,59
0,0
1,1
0,2
3,3
4,4
16,5
6,6
7,7
8,8
33,9
10,10
29,11
12,12
13,13
14,14
23,16
17,17
17,18
19,19
20,20
21,21
48,22
45,23
28,24
25,25
26,26
36,27
28,28
28,29
30,30
30,31
37,32
33,33
34,34
35,35
3,36
45,37
38,38
37,39
35,40
41,41
42,42
36,43
47,44
47,45
46,46
47,47
48,48
49,49
50,50
51,51
52,52
52,53
54,54
55,55
56,56
57,57
58,58
59,59
2,0
1,1
2,2
3,3
4,4
5,5
6,6
7,7
8,8
9,9
10,10
11,11
12,12
13,13
14,14
16,15
16,16
17,17
18,18
19,19
20,20
21,21
22,22
23,23
24,24
25,25
26,26
27,27
11,28
11,29
30,30
31,31
32,32
33,33
34,34
35,35
36,36
37,37
38,38
39,39
40,40
41,41
42,42
43,43
44,44
34,45
43,46
47,47
48,48
49,49
50,50
51,51
52,52
53,53
55,55
56,56
57,57
58,58
59,59
0,0
18,1
2,2
3,3
4,4
5,5
6,6
7,7
8,8
9,9
28,10
11,11
12,12
13,13
14,14
15,15
15,16
17,17
18,18
19,19
20,20
21,21
22,22
23,23
45,24
25,25
26,26
27,27
10,28
11,29
30,30
31,31
32,32
33,33
34,34
4,35
36,36
37,37
38,38
39,39
40,40
41,41
42,42
2,43
44,44
40,45
46,46
47,47
48,48
49,49
50,50
51,51
52,52
53,53
56,55
56,56
36,57
58,58
59,59
0,0
1,1
2,2
3,3
4,4
5,5
6,6
7,7
8,8
9,9
28,10
11,11
13,12
13,13
14,14
16,15
16,16
17,17
18,18
19,19
20,20
21,21
22,22
23,23
24,24
25,25
26,26
27,27
28,28
46,29
30,30
31,31
32,32
33,33
5,34
35,35
36,36
37,37
38,38
39,39
40,40
41,41
42,42
43,43
44,44
46,45
36,46
47,47
48,48
49,49
50,50
51,51
52,52
52,53
54,54
55,55
56,56
57,57
58,58
59,59
0,0
1,1
2,2
3,3
4,4
5,5
6,6
7,7
8,8
9,9
28,10
11,11
12,12
13,13
14,14
15,15
15,16
17,17
18,18
19,19
20,20
21,21
22,22
23,23
45,24
25,25
26,26
3,27
28,28
11,29
30,30
31,31
32,32
33,33
34,34
24,35
36,36
37,37
38,38
39,39
46,40
41,41
42,42
43,43
44,44
45,45
46,46
47,47
48,48
49,49
50,50
51,51
52,52
53,53
54,54
55,55
56,56
57,57
58,58
59,59
0,0
1,1
2,2
3,3
4,4
5,5
6,6
7,7
8,8
33,9
28,10
11,11
12,12
13,13
14,14
16,15
15,16
17,17
18,18
19,19
20,20
21,21
22,22
23,23
24,24
25,25
26,26
27,27
28,28
11,29
32,30
31,31
32,32
33,33
34,34
35,35
36,36
37,37
38,38
39,39
40,40
41,41
42,42
43,43
44,44
24,45
43,46
47,47
48,48
49,49
50,50
51,51
52,52
53,53
54,54
55,55
56,56
57,57
58,58
59,59
0,0
38,1
2,2
3,3
4,4
5,5
6,6
7,7
8,8
9,9
10,10
11,11
12,12
13,13
14,14
15,15
16,16
17,17
18,18
19,19
20,20
21,21
22,22
23,23
43,24
25,25
26,26
27,27
28,28
29,29
30,30
31,31
32,32
33,33
34,34
44,35
36,36
37,37
38,38
39,39
40,40
41,41
42,42
43,43
44,44
15,45
46,46
47,47
48,48
49,49
50,50
51,51
52,52
53,53
54,54
55,55
56,56
57,57
58,58
59,59
